46 4 16 28 19 7 47 
34 44 32 24 29 41 37 
20 8 45 36 3 5 17 
12 27 39 42 33 21 15 
14 2 6 30 9 0 11 
40 38 26 18 23 35 43 
48 10 22 31 25 13 1 

swap
46 4 16 28 19 7 47 
34 44 32 24 29 41 37 
20 8 45 36 3 5 17 
12 27 39 42 33 21 15 
14 2 6 30 9 0 11 
48 38 26 18 23 35 43 
40 10 22 31 25 13 1 

swap
46 4 16 28 19 7 47 
34 44 32 24 29 41 37 
20 8 45 36 3 5 17 
12 27 39 42 33 21 15 
48 2 6 30 9 0 11 
14 38 26 18 23 35 43 
40 10 22 31 25 13 1 

swap
46 4 16 28 19 7 47 
34 44 32 24 29 41 37 
20 8 45 36 3 5 17 
48 27 39 42 33 21 15 
12 2 6 30 9 0 11 
14 38 26 18 23 35 43 
40 10 22 31 25 13 1 

swap
46 4 16 28 19 7 47 
34 44 32 24 29 41 37 
48 8 45 36 3 5 17 
20 27 39 42 33 21 15 
12 2 6 30 9 0 11 
14 38 26 18 23 35 43 
40 10 22 31 25 13 1 

swap
46 4 16 28 19 7 47 
34 44 32 24 29 41 37 
8 48 45 36 3 5 17 
20 27 39 42 33 21 15 
12 2 6 30 9 0 11 
14 38 26 18 23 35 43 
40 10 22 31 25 13 1 

swap
46 4 16 28 19 7 37 
34 44 32 24 29 41 47 
8 48 45 36 3 5 17 
20 27 39 42 33 21 15 
12 2 6 30 9 0 11 
14 38 26 18 23 35 43 
40 10 22 31 25 13 1 

swap
46 4 16 28 19 7 37 
34 44 32 24 29 41 17 
8 48 45 36 3 5 47 
20 27 39 42 33 21 15 
12 2 6 30 9 0 11 
14 38 26 18 23 35 43 
40 10 22 31 25 13 1 

swap
46 4 16 28 19 7 37 
34 44 32 24 29 41 17 
8 48 45 36 3 47 5 
20 27 39 42 33 21 15 
12 2 6 30 9 0 11 
14 38 26 18 23 35 43 
40 10 22 31 25 13 1 

swap
46 4 16 28 19 7 37 
34 44 32 24 29 41 17 
8 48 45 36 47 3 5 
20 27 39 42 33 21 15 
12 2 6 30 9 0 11 
14 38 26 18 23 35 43 
40 10 22 31 25 13 1 

swap
46 4 16 28 19 7 37 
34 44 32 24 29 41 17 
8 48 45 47 36 3 5 
20 27 39 42 33 21 15 
12 2 6 30 9 0 11 
14 38 26 18 23 35 43 
40 10 22 31 25 13 1 

swap
34 4 16 28 19 7 37 
46 44 32 24 29 41 17 
8 48 45 47 36 3 5 
20 27 39 42 33 21 15 
12 2 6 30 9 0 11 
14 38 26 18 23 35 43 
40 10 22 31 25 13 1 

swap
34 4 16 28 19 7 37 
8 44 32 24 29 41 17 
46 48 45 47 36 3 5 
20 27 39 42 33 21 15 
12 2 6 30 9 0 11 
14 38 26 18 23 35 43 
40 10 22 31 25 13 1 

swap
34 4 16 28 19 7 37 
8 44 32 24 29 41 17 
48 46 45 47 36 3 5 
20 27 39 42 33 21 15 
12 2 6 30 9 0 11 
14 38 26 18 23 35 43 
40 10 22 31 25 13 1 

swap
34 4 16 28 19 7 37 
8 44 32 24 29 41 17 
46 48 45 47 36 3 5 
20 27 39 42 33 21 15 
12 2 6 30 9 0 11 
14 38 26 18 23 35 43 
40 10 22 31 25 13 1 

swap
34 4 16 28 19 7 37 
8 44 32 24 29 41 17 
46 45 48 47 36 3 5 
20 27 39 42 33 21 15 
12 2 6 30 9 0 11 
14 38 26 18 23 35 43 
40 10 22 31 25 13 1 

swap
34 4 16 28 19 7 37 
8 44 32 24 29 41 17 
46 45 47 48 36 3 5 
20 27 39 42 33 21 15 
12 2 6 30 9 0 11 
14 38 26 18 23 35 43 
40 10 22 31 25 13 1 

swap
34 4 16 28 19 7 37 
8 44 32 24 29 41 17 
46 47 45 48 36 3 5 
20 27 39 42 33 21 15 
12 2 6 30 9 0 11 
14 38 26 18 23 35 43 
40 10 22 31 25 13 1 

swap
34 4 16 28 19 7 37 
8 44 32 24 29 41 17 
47 46 45 48 36 3 5 
20 27 39 42 33 21 15 
12 2 6 30 9 0 11 
14 38 26 18 23 35 43 
40 10 22 31 25 13 1 

swap
34 4 16 28 19 7 37 
8 46 32 24 29 41 17 
47 44 45 48 36 3 5 
20 27 39 42 33 21 15 
12 2 6 30 9 0 11 
14 38 26 18 23 35 43 
40 10 22 31 25 13 1 

swap
34 4 16 28 19 7 37 
8 46 32 24 29 41 17 
47 27 45 48 36 3 5 
20 44 39 42 33 21 15 
12 2 6 30 9 0 11 
14 38 26 18 23 35 43 
40 10 22 31 25 13 1 

swap
34 4 16 28 19 7 37 
8 46 32 24 29 41 17 
47 27 45 48 36 3 5 
20 39 44 42 33 21 15 
12 2 6 30 9 0 11 
14 38 26 18 23 35 43 
40 10 22 31 25 13 1 

swap
34 4 16 28 19 7 37 
8 46 32 24 29 41 17 
47 27 45 48 36 3 5 
20 39 44 42 33 21 15 
12 2 6 30 9 0 43 
14 38 26 18 23 35 11 
40 10 22 31 25 13 1 

swap
34 4 16 28 19 7 37 
8 46 32 24 29 41 17 
47 27 45 48 36 3 5 
20 39 44 42 33 21 43 
12 2 6 30 9 0 15 
14 38 26 18 23 35 11 
40 10 22 31 25 13 1 

swap
34 4 16 28 19 7 37 
8 46 32 24 29 41 17 
47 27 45 48 36 3 5 
20 39 44 42 33 43 21 
12 2 6 30 9 0 15 
14 38 26 18 23 35 11 
40 10 22 31 25 13 1 

swap
34 4 16 28 19 7 37 
8 46 32 24 29 41 17 
47 27 45 48 36 3 5 
20 39 44 42 43 33 21 
12 2 6 30 9 0 15 
14 38 26 18 23 35 11 
40 10 22 31 25 13 1 

swap
34 4 16 28 19 7 37 
8 46 32 24 29 41 17 
47 27 44 48 36 3 5 
20 39 45 42 43 33 21 
12 2 6 30 9 0 15 
14 38 26 18 23 35 11 
40 10 22 31 25 13 1 

swap
34 4 16 28 19 7 37 
8 46 32 24 29 41 17 
47 27 45 48 36 3 5 
20 39 44 42 43 33 21 
12 2 6 30 9 0 15 
14 38 26 18 23 35 11 
40 10 22 31 25 13 1 

swap
34 4 16 28 19 7 37 
8 46 32 24 29 41 17 
47 27 45 48 36 3 5 
20 39 42 44 43 33 21 
12 2 6 30 9 0 15 
14 38 26 18 23 35 11 
40 10 22 31 25 13 1 

swap
34 4 16 28 19 7 37 
8 46 32 24 29 41 17 
47 27 45 48 43 3 5 
20 39 42 44 36 33 21 
12 2 6 30 9 0 15 
14 38 26 18 23 35 11 
40 10 22 31 25 13 1 

swap
34 4 16 28 19 7 37 
8 46 32 24 29 41 17 
47 27 45 43 48 3 5 
20 39 42 44 36 33 21 
12 2 6 30 9 0 15 
14 38 26 18 23 35 11 
40 10 22 31 25 13 1 

no swap
34 4 16 28 19 7 37 
8 46 32 24 29 41 17 
47 27 45 43 48 3 5 
20 39 42 44 36 33 21 
12 2 6 30 9 0 15 
14 38 26 18 23 35 11 
40 10 22 31 25 13 1 

swap
34 4 16 28 19 7 37 
8 46 32 24 29 3 17 
47 27 45 43 48 41 5 
20 39 42 44 36 33 21 
12 2 6 30 9 0 15 
14 38 26 18 23 35 11 
40 10 22 31 25 13 1 

swap
34 4 16 28 19 7 37 
8 46 32 24 29 3 17 
47 27 45 43 48 33 5 
20 39 42 44 36 41 21 
12 2 6 30 9 0 15 
14 38 26 18 23 35 11 
40 10 22 31 25 13 1 

swap
34 4 16 28 19 7 37 
8 46 32 24 29 3 17 
47 27 45 43 48 33 5 
20 39 42 44 41 36 21 
12 2 6 30 9 0 15 
14 38 26 18 23 35 11 
40 10 22 31 25 13 1 

swap
34 4 16 28 19 7 37 
8 46 32 24 29 3 17 
47 27 45 43 48 33 5 
20 39 42 41 44 36 21 
12 2 6 30 9 0 15 
14 38 26 18 23 35 11 
40 10 22 31 25 13 1 

swap
34 4 16 28 19 7 37 
8 46 32 24 29 3 17 
47 27 45 43 48 33 5 
20 39 41 42 44 36 21 
12 2 6 30 9 0 15 
14 38 26 18 23 35 11 
40 10 22 31 25 13 1 

swap
34 4 16 28 19 7 37 
8 46 32 24 29 3 17 
47 27 45 43 48 33 5 
20 39 41 42 44 36 21 
12 2 6 30 9 0 15 
40 38 26 18 23 35 11 
14 10 22 31 25 13 1 

swap
34 4 16 28 19 7 37 
8 46 32 24 29 3 17 
47 27 45 43 48 33 5 
20 39 41 42 44 36 21 
40 2 6 30 9 0 15 
12 38 26 18 23 35 11 
14 10 22 31 25 13 1 

swap
34 4 16 28 19 7 37 
8 46 32 24 29 3 17 
47 27 45 43 48 33 5 
40 39 41 42 44 36 21 
20 2 6 30 9 0 15 
12 38 26 18 23 35 11 
14 10 22 31 25 13 1 

swap
34 4 16 28 19 7 37 
8 46 32 24 29 3 17 
47 27 45 43 48 33 5 
40 39 42 41 44 36 21 
20 2 6 30 9 0 15 
12 38 26 18 23 35 11 
14 10 22 31 25 13 1 

swap
34 4 16 28 19 7 37 
8 46 32 24 29 3 17 
47 27 45 43 48 33 5 
40 39 41 42 44 36 21 
20 2 6 30 9 0 15 
12 38 26 18 23 35 11 
14 10 22 31 25 13 1 

swap
34 4 16 28 19 7 37 
8 46 32 24 29 3 17 
47 27 45 43 48 33 5 
40 41 39 42 44 36 21 
20 2 6 30 9 0 15 
12 38 26 18 23 35 11 
14 10 22 31 25 13 1 

swap
34 4 16 28 19 7 37 
8 46 32 24 29 3 17 
47 27 45 43 48 33 5 
41 40 39 42 44 36 21 
20 2 6 30 9 0 15 
12 38 26 18 23 35 11 
14 10 22 31 25 13 1 

swap
34 4 16 28 19 7 37 
8 46 32 24 29 3 17 
47 27 45 43 48 33 5 
41 39 40 42 44 36 21 
20 2 6 30 9 0 15 
12 38 26 18 23 35 11 
14 10 22 31 25 13 1 

swap
34 4 16 28 19 7 37 
8 46 32 24 29 3 17 
47 27 45 43 48 33 5 
41 39 42 40 44 36 21 
20 2 6 30 9 0 15 
12 38 26 18 23 35 11 
14 10 22 31 25 13 1 

swap
34 4 16 28 19 7 37 
8 46 32 24 29 3 17 
47 27 45 43 48 33 5 
41 39 42 40 44 36 21 
20 38 6 30 9 0 15 
12 2 26 18 23 35 11 
14 10 22 31 25 13 1 

swap
34 4 16 28 19 7 37 
8 46 32 24 29 3 17 
47 27 45 43 48 33 5 
41 38 42 40 44 36 21 
20 39 6 30 9 0 15 
12 2 26 18 23 35 11 
14 10 22 31 25 13 1 

swap
34 4 16 28 19 7 37 
8 46 32 24 29 3 17 
47 27 45 43 48 33 5 
41 42 38 40 44 36 21 
20 39 6 30 9 0 15 
12 2 26 18 23 35 11 
14 10 22 31 25 13 1 

swap
34 4 16 28 19 7 37 
8 46 32 24 29 3 17 
47 27 45 43 48 33 5 
41 42 40 38 44 36 21 
20 39 6 30 9 0 15 
12 2 26 18 23 35 11 
14 10 22 31 25 13 1 

swap
34 4 16 28 19 7 37 
8 46 32 24 29 3 17 
47 27 45 43 48 33 5 
41 42 40 44 38 36 21 
20 39 6 30 9 0 15 
12 2 26 18 23 35 11 
14 10 22 31 25 13 1 

swap
34 4 16 28 19 7 17 
8 46 32 24 29 3 37 
47 27 45 43 48 33 5 
41 42 40 44 38 36 21 
20 39 6 30 9 0 15 
12 2 26 18 23 35 11 
14 10 22 31 25 13 1 

swap
34 4 16 28 19 7 17 
8 46 32 24 29 3 5 
47 27 45 43 48 33 37 
41 42 40 44 38 36 21 
20 39 6 30 9 0 15 
12 2 26 18 23 35 11 
14 10 22 31 25 13 1 

swap
34 4 16 28 19 7 17 
8 46 32 24 29 3 5 
47 27 45 43 48 33 21 
41 42 40 44 38 36 37 
20 39 6 30 9 0 15 
12 2 26 18 23 35 11 
14 10 22 31 25 13 1 

swap
34 4 16 28 19 7 17 
8 46 32 24 29 3 5 
47 27 45 43 48 33 21 
41 39 40 44 38 36 37 
20 42 6 30 9 0 15 
12 2 26 18 23 35 11 
14 10 22 31 25 13 1 

swap
34 4 16 28 19 7 17 
8 46 32 24 29 3 5 
47 27 45 43 48 33 21 
41 40 39 44 38 36 37 
20 42 6 30 9 0 15 
12 2 26 18 23 35 11 
14 10 22 31 25 13 1 

swap
34 4 16 28 19 7 17 
8 46 32 24 29 3 5 
47 27 45 43 48 33 21 
41 40 44 39 38 36 37 
20 42 6 30 9 0 15 
12 2 26 18 23 35 11 
14 10 22 31 25 13 1 

swap
34 4 16 28 19 7 17 
8 46 32 24 29 3 5 
47 27 45 43 48 33 21 
41 40 44 38 39 36 37 
20 42 6 30 9 0 15 
12 2 26 18 23 35 11 
14 10 22 31 25 13 1 

swap
34 4 16 28 19 7 17 
8 46 32 24 29 3 5 
47 27 45 43 48 33 21 
41 40 44 39 38 36 37 
20 42 6 30 9 0 15 
12 2 26 18 23 35 11 
14 10 22 31 25 13 1 

swap
34 4 16 28 19 7 17 
8 46 32 24 29 3 5 
47 27 45 43 48 33 21 
41 40 44 39 36 38 37 
20 42 6 30 9 0 15 
12 2 26 18 23 35 11 
14 10 22 31 25 13 1 

swap
34 4 16 28 19 7 17 
8 46 32 24 29 3 5 
47 27 45 43 48 33 21 
41 40 44 39 36 37 38 
20 42 6 30 9 0 15 
12 2 26 18 23 35 11 
14 10 22 31 25 13 1 

swap
34 4 16 28 19 7 17 
8 46 32 24 29 3 5 
47 27 45 43 48 33 21 
41 40 44 39 37 36 38 
20 42 6 30 9 0 15 
12 2 26 18 23 35 11 
14 10 22 31 25 13 1 

swap
34 4 16 28 19 7 17 
8 46 32 24 29 3 5 
47 27 45 43 48 33 21 
41 40 44 37 39 36 38 
20 42 6 30 9 0 15 
12 2 26 18 23 35 11 
14 10 22 31 25 13 1 

swap
34 4 16 28 19 7 17 
8 46 32 24 29 3 5 
47 27 45 43 48 33 21 
41 40 44 37 39 36 38 
20 42 6 30 9 35 15 
12 2 26 18 23 0 11 
14 10 22 31 25 13 1 

swap
34 4 16 28 19 7 17 
8 46 32 24 29 3 5 
47 27 45 43 48 33 21 
41 40 44 37 39 35 38 
20 42 6 30 9 36 15 
12 2 26 18 23 0 11 
14 10 22 31 25 13 1 

swap
8 4 16 28 19 7 17 
34 46 32 24 29 3 5 
47 27 45 43 48 33 21 
41 40 44 37 39 35 38 
20 42 6 30 9 36 15 
12 2 26 18 23 0 11 
14 10 22 31 25 13 1 

swap
8 4 16 28 19 7 17 
47 46 32 24 29 3 5 
34 27 45 43 48 33 21 
41 40 44 37 39 35 38 
20 42 6 30 9 36 15 
12 2 26 18 23 0 11 
14 10 22 31 25 13 1 

swap
8 4 16 28 19 7 17 
47 46 32 24 29 3 5 
27 34 45 43 48 33 21 
41 40 44 37 39 35 38 
20 42 6 30 9 36 15 
12 2 26 18 23 0 11 
14 10 22 31 25 13 1 

swap
8 4 16 28 19 7 17 
47 46 32 24 29 3 5 
27 45 34 43 48 33 21 
41 40 44 37 39 35 38 
20 42 6 30 9 36 15 
12 2 26 18 23 0 11 
14 10 22 31 25 13 1 

swap
8 4 16 28 19 7 17 
47 46 32 24 29 3 5 
27 45 43 34 48 33 21 
41 40 44 37 39 35 38 
20 42 6 30 9 36 15 
12 2 26 18 23 0 11 
14 10 22 31 25 13 1 

swap
8 4 16 28 19 7 17 
47 46 32 24 29 3 5 
27 45 43 48 34 33 21 
41 40 44 37 39 35 38 
20 42 6 30 9 36 15 
12 2 26 18 23 0 11 
14 10 22 31 25 13 1 

swap
8 4 16 28 19 7 17 
47 46 32 24 29 3 5 
27 45 43 48 34 33 21 
41 40 44 37 39 36 38 
20 42 6 30 9 35 15 
12 2 26 18 23 0 11 
14 10 22 31 25 13 1 

swap
8 4 16 28 19 7 17 
47 46 32 24 29 3 5 
27 45 43 48 34 33 21 
41 40 44 37 39 35 38 
20 42 6 30 9 36 15 
12 2 26 18 23 0 11 
14 10 22 31 25 13 1 

swap
8 4 16 28 19 7 17 
47 46 32 24 29 3 5 
27 45 43 48 34 35 21 
41 40 44 37 39 33 38 
20 42 6 30 9 36 15 
12 2 26 18 23 0 11 
14 10 22 31 25 13 1 

swap
8 4 16 28 19 7 17 
47 46 32 24 29 3 5 
27 45 43 48 39 35 21 
41 40 44 37 34 33 38 
20 42 6 30 9 36 15 
12 2 26 18 23 0 11 
14 10 22 31 25 13 1 

swap
8 4 16 28 19 7 17 
47 46 32 24 29 3 5 
27 45 43 48 39 35 21 
41 40 44 37 9 33 38 
20 42 6 30 34 36 15 
12 2 26 18 23 0 11 
14 10 22 31 25 13 1 

no swap
8 4 16 28 19 7 17 
47 46 32 24 29 3 5 
27 45 43 48 39 35 21 
41 40 44 37 9 33 38 
20 42 6 30 34 36 15 
12 2 26 18 23 0 11 
14 10 22 31 25 13 1 

swap
8 4 16 28 19 7 17 
47 46 43 24 29 3 5 
27 45 32 48 39 35 21 
41 40 44 37 9 33 38 
20 42 6 30 34 36 15 
12 2 26 18 23 0 11 
14 10 22 31 25 13 1 

swap
8 4 16 28 19 7 17 
47 46 43 24 29 3 5 
27 45 44 48 39 35 21 
41 40 32 37 9 33 38 
20 42 6 30 34 36 15 
12 2 26 18 23 0 11 
14 10 22 31 25 13 1 

swap
8 4 16 28 19 7 17 
47 46 43 24 29 3 5 
27 45 44 48 39 35 21 
41 40 6 37 9 33 38 
20 42 32 30 34 36 15 
12 2 26 18 23 0 11 
14 10 22 31 25 13 1 

swap
8 4 16 28 19 7 17 
47 46 43 24 29 3 5 
27 45 44 48 39 35 21 
41 40 6 37 9 33 38 
20 42 32 30 34 36 15 
12 2 26 31 23 0 11 
14 10 22 18 25 13 1 

swap
8 4 16 28 19 7 17 
47 46 43 24 29 3 5 
27 45 44 48 39 35 21 
41 40 6 37 9 36 38 
20 42 32 30 34 33 15 
12 2 26 31 23 0 11 
14 10 22 18 25 13 1 

swap
8 4 16 28 19 7 17 
47 46 43 24 29 3 5 
27 45 44 48 39 35 21 
41 40 6 37 9 36 38 
20 42 32 30 33 34 15 
12 2 26 31 23 0 11 
14 10 22 18 25 13 1 

swap
8 4 16 28 19 7 17 
47 46 43 24 29 3 5 
27 45 44 48 39 35 21 
41 40 6 37 9 36 38 
20 42 26 30 33 34 15 
12 2 32 31 23 0 11 
14 10 22 18 25 13 1 

swap
8 4 16 28 19 7 17 
47 46 43 24 29 3 5 
27 45 44 48 39 35 21 
41 40 6 37 9 36 38 
20 42 26 31 33 34 15 
12 2 32 30 23 0 11 
14 10 22 18 25 13 1 

swap
8 4 16 28 19 7 17 
47 46 43 24 29 3 5 
27 45 44 48 39 35 21 
41 40 6 37 9 36 38 
20 42 26 31 23 34 15 
12 2 32 30 33 0 11 
14 10 22 18 25 13 1 

swap
8 4 16 28 19 7 17 
47 46 43 24 39 3 5 
27 45 44 48 29 35 21 
41 40 6 37 9 36 38 
20 42 26 31 23 34 15 
12 2 32 30 33 0 11 
14 10 22 18 25 13 1 

swap
8 4 16 28 19 7 17 
47 46 43 24 39 3 5 
27 45 44 29 48 35 21 
41 40 6 37 9 36 38 
20 42 26 31 23 34 15 
12 2 32 30 33 0 11 
14 10 22 18 25 13 1 

swap
8 4 16 28 19 7 17 
47 46 43 24 39 3 5 
27 45 29 44 48 35 21 
41 40 6 37 9 36 38 
20 42 26 31 23 34 15 
12 2 32 30 33 0 11 
14 10 22 18 25 13 1 

swap
8 4 16 28 19 7 17 
47 46 43 24 39 3 5 
27 29 45 44 48 35 21 
41 40 6 37 9 36 38 
20 42 26 31 23 34 15 
12 2 32 30 33 0 11 
14 10 22 18 25 13 1 

swap
8 4 16 24 19 7 17 
47 46 43 28 39 3 5 
27 29 45 44 48 35 21 
41 40 6 37 9 36 38 
20 42 26 31 23 34 15 
12 2 32 30 33 0 11 
14 10 22 18 25 13 1 

swap
8 4 16 24 19 7 17 
47 46 43 44 39 3 5 
27 29 45 28 48 35 21 
41 40 6 37 9 36 38 
20 42 26 31 23 34 15 
12 2 32 30 33 0 11 
14 10 22 18 25 13 1 

swap
8 4 16 24 19 7 17 
47 46 43 44 39 3 5 
27 29 28 45 48 35 21 
41 40 6 37 9 36 38 
20 42 26 31 23 34 15 
12 2 32 30 33 0 11 
14 10 22 18 25 13 1 

swap
8 4 16 24 19 7 17 
47 46 43 44 39 3 5 
27 28 29 45 48 35 21 
41 40 6 37 9 36 38 
20 42 26 31 23 34 15 
12 2 32 30 33 0 11 
14 10 22 18 25 13 1 

swap
8 4 16 24 19 7 17 
47 46 43 44 39 3 5 
27 28 29 45 48 35 21 
41 40 6 37 9 36 38 
20 42 26 30 23 34 15 
12 2 32 31 33 0 11 
14 10 22 18 25 13 1 

swap
8 4 16 24 19 7 17 
47 46 43 44 39 3 5 
27 28 29 45 48 35 21 
41 40 6 30 9 36 38 
20 42 26 37 23 34 15 
12 2 32 31 33 0 11 
14 10 22 18 25 13 1 

swap
8 4 16 24 19 7 17 
47 46 43 44 39 3 5 
27 28 29 30 48 35 21 
41 40 6 45 9 36 38 
20 42 26 37 23 34 15 
12 2 32 31 33 0 11 
14 10 22 18 25 13 1 

swap
8 4 16 24 19 7 17 
47 46 43 44 39 3 5 
27 28 30 29 48 35 21 
41 40 6 45 9 36 38 
20 42 26 37 23 34 15 
12 2 32 31 33 0 11 
14 10 22 18 25 13 1 

swap
8 4 16 24 19 7 17 
47 46 43 44 39 3 5 
27 30 28 29 48 35 21 
41 40 6 45 9 36 38 
20 42 26 37 23 34 15 
12 2 32 31 33 0 11 
14 10 22 18 25 13 1 

no swap
8 4 16 24 19 7 17 
47 46 43 44 39 3 5 
27 30 28 29 48 35 21 
41 40 6 45 9 36 38 
20 42 26 37 23 34 15 
12 2 32 31 33 0 11 
14 10 22 18 25 13 1 

no swap
8 4 16 24 19 7 17 
47 46 43 44 39 3 5 
27 30 28 29 48 35 21 
41 40 6 45 9 36 38 
20 42 26 37 23 34 15 
12 2 32 31 33 0 11 
14 10 22 18 25 13 1 

no swap
8 4 16 24 19 7 17 
47 46 43 44 39 3 5 
27 30 28 29 48 35 21 
41 40 6 45 9 36 38 
20 42 26 37 23 34 15 
12 2 32 31 33 0 11 
14 10 22 18 25 13 1 

swap
8 4 16 24 19 7 17 
47 46 43 44 39 3 5 
27 30 28 29 48 35 21 
41 40 26 45 9 36 38 
20 42 6 37 23 34 15 
12 2 32 31 33 0 11 
14 10 22 18 25 13 1 

swap
8 4 16 24 19 7 17 
47 46 43 44 39 3 5 
27 30 26 29 48 35 21 
41 40 28 45 9 36 38 
20 42 6 37 23 34 15 
12 2 32 31 33 0 11 
14 10 22 18 25 13 1 

swap
8 4 16 24 19 7 17 
47 46 26 44 39 3 5 
27 30 43 29 48 35 21 
41 40 28 45 9 36 38 
20 42 6 37 23 34 15 
12 2 32 31 33 0 11 
14 10 22 18 25 13 1 

swap
8 4 26 24 19 7 17 
47 46 16 44 39 3 5 
27 30 43 29 48 35 21 
41 40 28 45 9 36 38 
20 42 6 37 23 34 15 
12 2 32 31 33 0 11 
14 10 22 18 25 13 1 

swap
8 4 26 24 19 7 17 
47 46 16 44 39 3 5 
27 30 43 29 48 35 21 
41 40 28 45 9 36 38 
20 42 6 37 23 34 15 
12 2 32 31 25 0 11 
14 10 22 18 33 13 1 

swap
8 4 26 24 19 7 17 
47 46 16 44 39 3 5 
27 30 43 29 48 35 21 
41 40 28 45 9 36 38 
20 42 6 37 25 34 15 
12 2 32 31 23 0 11 
14 10 22 18 33 13 1 

swap
8 4 26 24 19 7 17 
47 46 16 44 39 3 5 
27 30 43 29 48 35 21 
41 40 28 45 25 36 38 
20 42 6 37 9 34 15 
12 2 32 31 23 0 11 
14 10 22 18 33 13 1 

swap
8 4 26 24 19 7 17 
47 46 16 44 39 3 5 
27 30 43 29 25 35 21 
41 40 28 45 48 36 38 
20 42 6 37 9 34 15 
12 2 32 31 23 0 11 
14 10 22 18 33 13 1 

swap
8 4 26 24 19 7 17 
47 46 16 44 25 3 5 
27 30 43 29 39 35 21 
41 40 28 45 48 36 38 
20 42 6 37 9 34 15 
12 2 32 31 23 0 11 
14 10 22 18 33 13 1 

swap
8 4 26 24 25 7 17 
47 46 16 44 19 3 5 
27 30 43 29 39 35 21 
41 40 28 45 48 36 38 
20 42 6 37 9 34 15 
12 2 32 31 23 0 11 
14 10 22 18 33 13 1 

swap
8 4 26 24 25 7 17 
27 46 16 44 19 3 5 
47 30 43 29 39 35 21 
41 40 28 45 48 36 38 
20 42 6 37 9 34 15 
12 2 32 31 23 0 11 
14 10 22 18 33 13 1 

swap
27 4 26 24 25 7 17 
8 46 16 44 19 3 5 
47 30 43 29 39 35 21 
41 40 28 45 48 36 38 
20 42 6 37 9 34 15 
12 2 32 31 23 0 11 
14 10 22 18 33 13 1 

swap
4 27 26 24 25 7 17 
8 46 16 44 19 3 5 
47 30 43 29 39 35 21 
41 40 28 45 48 36 38 
20 42 6 37 9 34 15 
12 2 32 31 23 0 11 
14 10 22 18 33 13 1 

swap
4 26 27 24 25 7 17 
8 46 16 44 19 3 5 
47 30 43 29 39 35 21 
41 40 28 45 48 36 38 
20 42 6 37 9 34 15 
12 2 32 31 23 0 11 
14 10 22 18 33 13 1 

swap
4 27 26 24 25 7 17 
8 46 16 44 19 3 5 
47 30 43 29 39 35 21 
41 40 28 45 48 36 38 
20 42 6 37 9 34 15 
12 2 32 31 23 0 11 
14 10 22 18 33 13 1 

swap
4 27 24 26 25 7 17 
8 46 16 44 19 3 5 
47 30 43 29 39 35 21 
41 40 28 45 48 36 38 
20 42 6 37 9 34 15 
12 2 32 31 23 0 11 
14 10 22 18 33 13 1 

swap
4 27 24 25 26 7 17 
8 46 16 44 19 3 5 
47 30 43 29 39 35 21 
41 40 28 45 48 36 38 
20 42 6 37 9 34 15 
12 2 32 31 23 0 11 
14 10 22 18 33 13 1 

swap
4 27 25 24 26 7 17 
8 46 16 44 19 3 5 
47 30 43 29 39 35 21 
41 40 28 45 48 36 38 
20 42 6 37 9 34 15 
12 2 32 31 23 0 11 
14 10 22 18 33 13 1 

swap
4 25 27 24 26 7 17 
8 46 16 44 19 3 5 
47 30 43 29 39 35 21 
41 40 28 45 48 36 38 
20 42 6 37 9 34 15 
12 2 32 31 23 0 11 
14 10 22 18 33 13 1 

swap
4 25 27 24 26 7 17 
8 46 16 44 19 3 5 
47 30 43 29 39 35 21 
41 40 28 45 48 36 38 
20 42 6 37 23 34 15 
12 2 32 31 9 0 11 
14 10 22 18 33 13 1 

swap
4 25 27 24 26 7 17 
8 46 16 44 19 3 5 
47 30 43 29 39 35 21 
41 40 28 45 23 36 38 
20 42 6 37 48 34 15 
12 2 32 31 9 0 11 
14 10 22 18 33 13 1 

swap
4 25 27 24 26 7 17 
8 46 16 44 19 3 5 
47 30 43 29 23 35 21 
41 40 28 45 39 36 38 
20 42 6 37 48 34 15 
12 2 32 31 9 0 11 
14 10 22 18 33 13 1 

swap
4 25 27 24 26 7 17 
8 46 16 44 19 3 5 
47 30 43 29 35 23 21 
41 40 28 45 39 36 38 
20 42 6 37 48 34 15 
12 2 32 31 9 0 11 
14 10 22 18 33 13 1 

swap
4 25 27 24 26 7 17 
8 46 16 44 19 3 5 
47 30 43 29 35 23 21 
41 40 28 45 39 36 38 
20 42 6 37 48 34 15 
12 2 22 31 9 0 11 
14 10 32 18 33 13 1 

swap
4 25 27 24 26 7 17 
8 46 16 44 19 3 5 
47 30 43 29 35 23 21 
41 40 28 45 39 36 38 
20 42 22 37 48 34 15 
12 2 6 31 9 0 11 
14 10 32 18 33 13 1 

swap
4 25 27 24 26 7 17 
8 46 16 44 19 3 5 
47 30 43 29 35 23 21 
41 40 22 45 39 36 38 
20 42 28 37 48 34 15 
12 2 6 31 9 0 11 
14 10 32 18 33 13 1 

swap
4 25 27 24 26 7 17 
8 46 16 44 19 3 5 
47 30 22 29 35 23 21 
41 40 43 45 39 36 38 
20 42 28 37 48 34 15 
12 2 6 31 9 0 11 
14 10 32 18 33 13 1 

swap
4 25 27 24 26 7 17 
8 46 16 44 19 3 5 
47 30 29 22 35 23 21 
41 40 43 45 39 36 38 
20 42 28 37 48 34 15 
12 2 6 31 9 0 11 
14 10 32 18 33 13 1 

swap
4 25 27 24 26 7 17 
8 46 16 44 19 3 5 
47 30 29 35 22 23 21 
41 40 43 45 39 36 38 
20 42 28 37 48 34 15 
12 2 6 31 9 0 11 
14 10 32 18 33 13 1 

swap
4 25 27 24 26 7 17 
8 46 16 44 19 3 5 
47 30 29 35 23 22 21 
41 40 43 45 39 36 38 
20 42 28 37 48 34 15 
12 2 6 31 9 0 11 
14 10 32 18 33 13 1 

swap
4 25 27 44 26 7 17 
8 46 16 24 19 3 5 
47 30 29 35 23 22 21 
41 40 43 45 39 36 38 
20 42 28 37 48 34 15 
12 2 6 31 9 0 11 
14 10 32 18 33 13 1 

swap
4 25 27 44 26 7 17 
8 46 16 35 19 3 5 
47 30 29 24 23 22 21 
41 40 43 45 39 36 38 
20 42 28 37 48 34 15 
12 2 6 31 9 0 11 
14 10 32 18 33 13 1 

swap
4 25 27 44 26 7 17 
8 46 16 35 19 3 5 
47 30 29 23 24 22 21 
41 40 43 45 39 36 38 
20 42 28 37 48 34 15 
12 2 6 31 9 0 11 
14 10 32 18 33 13 1 

swap
4 25 27 44 26 7 17 
8 46 16 35 19 3 5 
47 30 29 23 22 24 21 
41 40 43 45 39 36 38 
20 42 28 37 48 34 15 
12 2 6 31 9 0 11 
14 10 32 18 33 13 1 

no swap
4 25 27 44 26 7 17 
8 46 16 35 19 3 5 
47 30 29 23 22 24 21 
41 40 43 45 39 36 38 
20 42 28 37 48 34 15 
12 2 6 31 9 0 11 
14 10 32 18 33 13 1 

no swap
4 25 27 44 26 7 17 
8 46 16 35 19 3 5 
47 30 29 23 22 24 21 
41 40 43 45 39 36 38 
20 42 28 37 48 34 15 
12 2 6 31 9 0 11 
14 10 32 18 33 13 1 

no swap
4 25 27 44 26 7 17 
8 46 16 35 19 3 5 
47 30 29 23 22 24 21 
41 40 43 45 39 36 38 
20 42 28 37 48 34 15 
12 2 6 31 9 0 11 
14 10 32 18 33 13 1 

swap
4 25 27 44 26 7 17 
8 46 16 35 19 3 5 
47 30 29 23 22 24 21 
41 40 43 45 39 36 38 
12 42 28 37 48 34 15 
20 2 6 31 9 0 11 
14 10 32 18 33 13 1 

swap
4 25 27 44 26 7 17 
8 46 16 35 19 3 5 
47 30 29 23 22 24 21 
41 40 43 45 39 36 38 
12 42 28 37 48 34 15 
14 2 6 31 9 0 11 
20 10 32 18 33 13 1 

swap
4 25 27 44 26 7 17 
8 46 16 35 19 3 5 
47 30 29 23 22 24 21 
41 40 43 45 39 36 38 
12 42 28 37 48 34 15 
14 2 6 31 9 0 11 
10 20 32 18 33 13 1 

swap
4 25 27 44 26 7 17 
8 46 16 35 19 3 5 
47 30 29 23 22 24 21 
41 40 43 45 39 36 38 
12 42 28 37 48 34 15 
14 2 6 31 9 0 11 
10 32 20 18 33 13 1 

swap
4 25 27 44 26 7 17 
8 46 16 35 22 3 5 
47 30 29 23 19 24 21 
41 40 43 45 39 36 38 
12 42 28 37 48 34 15 
14 2 6 31 9 0 11 
10 32 20 18 33 13 1 

swap
4 25 27 44 26 7 17 
8 46 16 35 22 3 5 
47 30 29 23 39 24 21 
41 40 43 45 19 36 38 
12 42 28 37 48 34 15 
14 2 6 31 9 0 11 
10 32 20 18 33 13 1 

swap
4 25 27 44 26 7 17 
8 46 16 35 22 3 5 
47 30 29 23 39 24 21 
41 40 43 45 48 36 38 
12 42 28 37 19 34 15 
14 2 6 31 9 0 11 
10 32 20 18 33 13 1 

swap
4 25 27 44 26 7 17 
8 46 16 35 22 3 5 
47 30 29 23 39 24 21 
41 40 43 45 48 36 38 
12 42 28 37 9 34 15 
14 2 6 31 19 0 11 
10 32 20 18 33 13 1 

swap
4 25 27 44 26 7 17 
8 46 16 35 22 3 5 
47 30 29 23 39 24 21 
41 40 43 45 48 36 38 
12 42 28 37 9 34 15 
14 2 6 31 33 0 11 
10 32 20 18 19 13 1 

swap
4 25 27 44 26 7 17 
8 46 16 35 22 3 5 
47 30 29 23 39 24 38 
41 40 43 45 48 36 21 
12 42 28 37 9 34 15 
14 2 6 31 33 0 11 
10 32 20 18 19 13 1 

swap
4 25 27 44 26 7 17 
8 46 16 35 22 3 5 
47 30 29 23 39 24 38 
41 40 43 45 48 36 15 
12 42 28 37 9 34 21 
14 2 6 31 33 0 11 
10 32 20 18 19 13 1 

swap
4 25 27 44 26 7 17 
8 46 16 35 22 3 5 
47 30 29 23 39 24 38 
41 40 43 45 48 36 15 
12 42 28 37 9 34 11 
14 2 6 31 33 0 21 
10 32 20 18 19 13 1 

swap
4 25 27 44 26 7 17 
8 46 16 35 22 3 5 
47 30 29 23 39 24 38 
41 40 43 45 48 36 15 
12 42 28 37 9 34 11 
14 2 6 31 33 0 1 
10 32 20 18 19 13 21 

swap
4 25 27 44 26 7 17 
8 46 16 35 22 3 5 
47 30 29 23 39 24 38 
41 40 43 45 48 36 15 
12 42 28 37 9 34 11 
14 2 6 31 33 0 1 
10 32 20 18 19 21 13 

swap
4 25 27 44 26 7 17 
8 46 16 35 22 3 5 
47 30 29 23 39 24 38 
41 40 43 45 48 36 15 
12 42 28 37 9 34 11 
14 2 6 31 33 0 1 
10 32 20 18 21 19 13 

swap
4 25 27 44 26 7 17 
8 46 16 35 22 3 5 
47 30 29 23 39 24 38 
41 40 43 45 48 36 15 
12 42 28 37 9 34 11 
14 2 6 31 33 0 1 
10 32 18 20 21 19 13 

swap
4 25 27 44 26 7 17 
8 46 16 35 22 3 5 
47 30 29 23 39 24 38 
41 40 43 45 48 36 15 
12 42 28 37 9 34 11 
14 2 6 31 33 0 1 
10 32 18 21 20 19 13 

swap
4 25 27 44 26 7 17 
8 46 16 35 22 3 5 
47 30 29 23 39 24 38 
41 40 43 45 48 36 15 
12 42 28 37 9 34 11 
14 2 6 31 33 0 1 
10 32 18 21 19 20 13 

no swap
4 25 27 44 26 7 17 
8 46 16 35 22 3 5 
47 30 29 23 39 24 38 
41 40 43 45 48 36 15 
12 42 28 37 9 34 11 
14 2 6 31 33 0 1 
10 32 18 21 19 20 13 

swap
4 25 27 44 26 7 5 
8 46 16 35 22 3 17 
47 30 29 23 39 24 38 
41 40 43 45 48 36 15 
12 42 28 37 9 34 11 
14 2 6 31 33 0 1 
10 32 18 21 19 20 13 

swap
4 25 27 44 26 7 5 
8 46 16 35 22 3 38 
47 30 29 23 39 24 17 
41 40 43 45 48 36 15 
12 42 28 37 9 34 11 
14 2 6 31 33 0 1 
10 32 18 21 19 20 13 

swap
4 25 27 44 26 7 5 
8 46 29 35 22 3 38 
47 30 16 23 39 24 17 
41 40 43 45 48 36 15 
12 42 28 37 9 34 11 
14 2 6 31 33 0 1 
10 32 18 21 19 20 13 

swap
4 25 27 44 26 7 5 
8 46 29 35 22 3 38 
47 30 43 23 39 24 17 
41 40 16 45 48 36 15 
12 42 28 37 9 34 11 
14 2 6 31 33 0 1 
10 32 18 21 19 20 13 

swap
4 25 27 44 26 7 5 
8 46 29 35 22 3 38 
47 30 43 23 39 24 17 
41 40 45 16 48 36 15 
12 42 28 37 9 34 11 
14 2 6 31 33 0 1 
10 32 18 21 19 20 13 

swap
4 25 27 44 26 7 5 
8 46 29 35 22 3 38 
47 30 43 23 39 24 17 
41 40 45 48 16 36 15 
12 42 28 37 9 34 11 
14 2 6 31 33 0 1 
10 32 18 21 19 20 13 

swap
4 25 27 44 26 7 5 
8 46 29 35 22 3 38 
47 30 43 23 39 24 17 
41 40 45 48 36 16 15 
12 42 28 37 9 34 11 
14 2 6 31 33 0 1 
10 32 18 21 19 20 13 

swap
4 25 27 44 26 7 5 
8 46 29 35 22 3 38 
47 30 43 23 39 24 17 
41 40 45 48 36 16 15 
12 42 28 37 9 34 11 
14 2 18 31 33 0 1 
10 32 6 21 19 20 13 

swap
4 25 27 44 26 7 5 
8 46 29 35 22 3 38 
47 30 43 23 39 24 17 
41 40 45 48 36 16 15 
12 42 18 37 9 34 11 
14 2 28 31 33 0 1 
10 32 6 21 19 20 13 

swap
4 25 27 44 26 7 5 
8 46 29 35 22 3 38 
47 30 43 23 39 24 17 
41 40 18 48 36 16 15 
12 42 45 37 9 34 11 
14 2 28 31 33 0 1 
10 32 6 21 19 20 13 

swap
4 25 27 44 26 7 5 
8 46 29 35 22 3 38 
47 30 43 23 39 24 17 
41 40 48 18 36 16 15 
12 42 45 37 9 34 11 
14 2 28 31 33 0 1 
10 32 6 21 19 20 13 

swap
4 25 27 44 26 7 5 
8 46 29 35 22 3 38 
47 30 43 23 39 24 17 
41 40 48 36 18 16 15 
12 42 45 37 9 34 11 
14 2 28 31 33 0 1 
10 32 6 21 19 20 13 

swap
4 25 27 44 26 7 5 
8 46 29 35 22 3 38 
47 30 43 23 39 24 17 
41 40 48 36 16 18 15 
12 42 45 37 9 34 11 
14 2 28 31 33 0 1 
10 32 6 21 19 20 13 

swap
4 25 27 44 26 7 5 
8 46 29 35 22 3 38 
47 30 43 23 39 24 15 
41 40 48 36 16 18 17 
12 42 45 37 9 34 11 
14 2 28 31 33 0 1 
10 32 6 21 19 20 13 

swap
4 25 27 44 26 7 5 
8 46 29 35 22 3 38 
47 30 43 23 39 24 15 
41 40 48 36 16 17 18 
12 42 45 37 9 34 11 
14 2 28 31 33 0 1 
10 32 6 21 19 20 13 

swap
4 25 27 44 26 7 5 
8 46 29 35 22 3 38 
47 30 43 23 39 24 15 
41 40 48 36 17 16 18 
12 42 45 37 9 34 11 
14 2 28 31 33 0 1 
10 32 6 21 19 20 13 

no swap
4 25 27 44 26 7 5 
8 46 29 35 22 3 38 
47 30 43 23 39 24 15 
41 40 48 36 17 16 18 
12 42 45 37 9 34 11 
14 2 28 31 33 0 1 
10 32 6 21 19 20 13 

no swap
4 25 27 44 26 7 5 
8 46 29 35 22 3 38 
47 30 43 23 39 24 15 
41 40 48 36 17 16 18 
12 42 45 37 9 34 11 
14 2 28 31 33 0 1 
10 32 6 21 19 20 13 

swap
4 25 27 44 26 7 5 
8 46 29 35 22 3 38 
47 30 43 23 39 24 15 
41 40 48 36 17 16 18 
12 42 45 37 9 34 11 
14 2 28 31 33 0 13 
10 32 6 21 19 20 1 

swap
4 25 27 44 26 7 5 
8 46 29 35 22 3 38 
47 30 43 23 39 24 15 
41 40 48 36 17 16 18 
12 42 45 37 9 34 13 
14 2 28 31 33 0 11 
10 32 6 21 19 20 1 

swap
4 25 27 44 26 7 5 
8 46 29 35 22 3 38 
47 30 43 23 39 24 15 
41 40 48 36 17 16 18 
12 42 45 37 9 13 34 
14 2 28 31 33 0 11 
10 32 6 21 19 20 1 

swap
4 25 27 44 26 7 5 
8 46 29 35 22 3 38 
47 30 43 23 39 24 15 
41 40 48 36 17 16 18 
12 42 45 37 13 9 34 
14 2 28 31 33 0 11 
10 32 6 21 19 20 1 

swap
4 25 27 44 26 7 5 
8 46 29 35 22 3 38 
47 30 43 23 39 24 15 
41 40 48 36 17 16 18 
12 42 45 13 37 9 34 
14 2 28 31 33 0 11 
10 32 6 21 19 20 1 

swap
4 25 27 44 26 7 5 
8 46 29 35 22 3 38 
47 30 43 23 39 24 15 
41 40 48 36 17 16 18 
12 42 13 45 37 9 34 
14 2 28 31 33 0 11 
10 32 6 21 19 20 1 

swap
4 25 27 44 26 7 5 
8 46 29 35 22 3 38 
47 30 43 23 39 24 15 
41 40 48 36 17 16 18 
12 13 42 45 37 9 34 
14 2 28 31 33 0 11 
10 32 6 21 19 20 1 

swap
4 25 27 44 26 7 5 
8 46 29 35 22 3 38 
47 30 43 23 39 24 18 
41 40 48 36 17 16 15 
12 13 42 45 37 9 34 
14 2 28 31 33 0 11 
10 32 6 21 19 20 1 

swap
4 25 27 44 26 7 5 
8 46 29 35 22 3 38 
47 30 43 23 39 24 18 
41 40 48 36 17 16 34 
12 13 42 45 37 9 15 
14 2 28 31 33 0 11 
10 32 6 21 19 20 1 

swap
4 25 27 44 26 7 5 
8 46 29 35 22 3 38 
47 30 43 23 39 24 18 
41 40 48 36 17 16 34 
12 13 42 45 37 15 9 
14 2 28 31 33 0 11 
10 32 6 21 19 20 1 

swap
4 25 27 44 26 7 5 
8 46 29 35 22 3 38 
47 30 43 23 39 24 18 
41 40 48 36 17 16 34 
12 13 42 45 15 37 9 
14 2 28 31 33 0 11 
10 32 6 21 19 20 1 

swap
4 25 27 44 26 7 5 
8 46 29 35 22 3 38 
47 30 43 23 39 24 18 
41 40 48 36 17 16 34 
12 13 42 15 45 37 9 
14 2 28 31 33 0 11 
10 32 6 21 19 20 1 

swap
4 25 27 44 26 7 5 
8 46 29 35 22 3 38 
47 30 43 23 39 24 18 
41 40 48 36 17 16 34 
12 13 15 42 45 37 9 
14 2 28 31 33 0 11 
10 32 6 21 19 20 1 

swap
4 25 27 44 26 7 5 
8 46 29 35 22 3 38 
47 30 43 23 39 24 18 
41 40 48 36 17 16 34 
12 15 13 42 45 37 9 
14 2 28 31 33 0 11 
10 32 6 21 19 20 1 

swap
4 25 27 44 26 7 5 
8 46 29 35 22 3 38 
47 30 43 23 39 24 18 
41 40 48 36 17 16 34 
14 15 13 42 45 37 9 
12 2 28 31 33 0 11 
10 32 6 21 19 20 1 

swap
4 25 27 44 26 7 5 
8 46 29 35 22 3 38 
47 30 43 23 39 24 18 
41 40 48 36 17 16 34 
15 14 13 42 45 37 9 
12 2 28 31 33 0 11 
10 32 6 21 19 20 1 

swap
4 25 27 44 26 7 5 
8 46 29 35 22 3 38 
47 30 43 23 39 24 18 
41 40 48 36 17 16 34 
15 13 14 42 45 37 9 
12 2 28 31 33 0 11 
10 32 6 21 19 20 1 

no swap
4 25 27 44 26 7 5 
8 46 29 35 22 3 38 
47 30 43 23 39 24 18 
41 40 48 36 17 16 34 
15 13 14 42 45 37 9 
12 2 28 31 33 0 11 
10 32 6 21 19 20 1 

no swap
4 25 27 44 26 7 5 
8 46 29 35 22 3 38 
47 30 43 23 39 24 18 
41 40 48 36 17 16 34 
15 13 14 42 45 37 9 
12 2 28 31 33 0 11 
10 32 6 21 19 20 1 

swap
4 25 27 44 26 7 5 
8 46 29 35 22 3 38 
47 30 43 23 39 24 18 
41 40 48 36 17 16 34 
15 13 14 42 45 37 9 
10 2 28 31 33 0 11 
12 32 6 21 19 20 1 

swap
4 25 27 44 26 7 5 
8 46 29 35 22 3 38 
47 30 43 23 39 24 18 
41 40 48 36 17 16 34 
10 13 14 42 45 37 9 
15 2 28 31 33 0 11 
12 32 6 21 19 20 1 

swap
4 25 27 44 26 7 5 
8 46 29 35 22 3 38 
47 30 43 23 39 24 18 
41 40 48 36 17 16 34 
13 10 14 42 45 37 9 
15 2 28 31 33 0 11 
12 32 6 21 19 20 1 

swap
4 25 27 44 26 7 5 
8 46 29 35 22 3 38 
47 30 43 23 39 24 18 
41 40 48 36 17 16 34 
13 14 10 42 45 37 9 
15 2 28 31 33 0 11 
12 32 6 21 19 20 1 

swap
4 25 27 44 26 7 5 
8 46 29 35 22 3 38 
47 30 43 23 39 24 18 
41 40 48 36 17 16 34 
13 14 42 10 45 37 9 
15 2 28 31 33 0 11 
12 32 6 21 19 20 1 

swap
4 25 27 44 26 7 5 
8 46 29 35 22 3 38 
47 30 43 23 39 24 18 
41 40 48 36 17 16 34 
13 14 42 45 10 37 9 
15 2 28 31 33 0 11 
12 32 6 21 19 20 1 

swap
4 25 27 44 26 7 5 
8 46 29 35 22 3 38 
47 30 43 23 39 24 18 
41 40 48 36 17 16 34 
13 14 42 45 37 10 9 
15 2 28 31 33 0 11 
12 32 6 21 19 20 1 

swap
4 25 27 44 26 7 5 
8 46 29 35 22 3 38 
47 30 43 23 39 24 18 
41 40 48 36 17 16 34 
13 14 42 45 37 10 9 
12 2 28 31 33 0 11 
15 32 6 21 19 20 1 

swap
4 25 27 44 26 7 5 
8 46 29 35 22 3 38 
47 30 43 23 39 24 18 
41 40 48 36 17 16 34 
12 14 42 45 37 10 9 
13 2 28 31 33 0 11 
15 32 6 21 19 20 1 

swap
4 25 27 44 26 7 5 
8 46 29 35 22 3 38 
47 30 43 23 39 24 18 
41 40 48 36 17 16 34 
14 12 42 45 37 10 9 
13 2 28 31 33 0 11 
15 32 6 21 19 20 1 

swap
4 25 27 44 26 7 5 
8 46 29 35 22 3 38 
47 30 43 23 39 24 18 
41 40 48 36 17 16 34 
14 42 12 45 37 10 9 
13 2 28 31 33 0 11 
15 32 6 21 19 20 1 

swap
4 25 27 44 26 7 5 
8 46 29 35 22 3 38 
47 30 43 23 39 24 18 
41 40 48 36 17 16 34 
14 42 45 12 37 10 9 
13 2 28 31 33 0 11 
15 32 6 21 19 20 1 

swap
4 25 27 44 26 7 5 
8 46 29 35 22 3 38 
47 30 43 23 39 24 18 
41 40 48 36 17 16 34 
14 42 45 37 12 10 9 
13 2 28 31 33 0 11 
15 32 6 21 19 20 1 

swap
4 25 27 44 26 7 5 
8 46 29 35 22 3 38 
47 30 43 23 39 24 18 
41 40 48 36 17 16 34 
14 42 45 37 10 12 9 
13 2 28 31 33 0 11 
15 32 6 21 19 20 1 

swap
4 25 27 44 26 7 5 
8 46 29 35 22 3 38 
47 30 43 23 39 24 18 
41 40 48 36 17 16 34 
14 42 45 37 10 12 11 
13 2 28 31 33 0 9 
15 32 6 21 19 20 1 

swap
4 25 27 44 26 7 5 
8 46 29 35 22 3 38 
47 30 43 23 39 24 18 
41 40 48 36 17 16 34 
14 42 45 37 10 11 12 
13 2 28 31 33 0 9 
15 32 6 21 19 20 1 

swap
4 25 27 44 26 7 5 
8 46 29 35 22 3 38 
47 30 43 23 39 24 18 
41 40 48 36 17 16 34 
14 42 45 37 11 10 12 
13 2 28 31 33 0 9 
15 32 6 21 19 20 1 

no swap
4 25 27 44 26 7 5 
8 46 29 35 22 3 38 
47 30 43 23 39 24 18 
41 40 48 36 17 16 34 
14 42 45 37 11 10 12 
13 2 28 31 33 0 9 
15 32 6 21 19 20 1 

swap
4 25 27 44 26 7 5 
47 46 29 35 22 3 38 
8 30 43 23 39 24 18 
41 40 48 36 17 16 34 
14 42 45 37 11 10 12 
13 2 28 31 33 0 9 
15 32 6 21 19 20 1 

swap
4 25 27 44 26 7 5 
47 46 29 35 22 3 38 
41 30 43 23 39 24 18 
8 40 48 36 17 16 34 
14 42 45 37 11 10 12 
13 2 28 31 33 0 9 
15 32 6 21 19 20 1 

swap
4 25 27 44 26 7 5 
47 46 29 35 22 3 38 
41 30 43 23 39 24 18 
14 40 48 36 17 16 34 
8 42 45 37 11 10 12 
13 2 28 31 33 0 9 
15 32 6 21 19 20 1 

swap
4 25 27 44 26 7 5 
47 46 29 35 22 3 38 
41 30 43 23 39 24 18 
14 40 48 36 17 16 34 
13 42 45 37 11 10 12 
8 2 28 31 33 0 9 
15 32 6 21 19 20 1 

swap
4 25 27 44 26 7 5 
47 46 29 35 22 3 38 
41 30 43 23 39 24 18 
14 40 48 36 17 16 34 
13 42 45 37 11 10 12 
15 2 28 31 33 0 9 
8 32 6 21 19 20 1 

swap
4 25 27 44 26 7 5 
47 46 29 35 22 3 38 
41 30 43 23 39 24 18 
14 40 48 36 17 16 34 
13 42 45 37 11 10 12 
15 2 28 31 33 0 9 
32 8 6 21 19 20 1 

swap
4 25 27 44 26 3 5 
47 46 29 35 22 7 38 
41 30 43 23 39 24 18 
14 40 48 36 17 16 34 
13 42 45 37 11 10 12 
15 2 28 31 33 0 9 
32 8 6 21 19 20 1 

swap
4 25 27 44 26 3 5 
47 46 29 35 22 24 38 
41 30 43 23 39 7 18 
14 40 48 36 17 16 34 
13 42 45 37 11 10 12 
15 2 28 31 33 0 9 
32 8 6 21 19 20 1 

swap
4 25 27 44 26 3 5 
47 46 29 35 22 24 38 
41 30 43 23 39 16 18 
14 40 48 36 17 7 34 
13 42 45 37 11 10 12 
15 2 28 31 33 0 9 
32 8 6 21 19 20 1 

swap
4 25 27 44 26 3 5 
47 46 29 35 22 24 38 
41 30 43 23 39 16 18 
14 40 48 36 17 10 34 
13 42 45 37 11 7 12 
15 2 28 31 33 0 9 
32 8 6 21 19 20 1 

swap
4 25 27 44 26 3 5 
47 46 29 35 22 24 38 
41 30 43 23 39 16 18 
14 40 48 36 17 10 34 
13 42 45 37 11 0 12 
15 2 28 31 33 7 9 
32 8 6 21 19 20 1 

swap
4 25 27 44 26 3 5 
47 46 29 35 22 24 38 
41 30 43 23 39 16 18 
14 40 48 36 17 10 34 
13 42 45 37 11 0 12 
15 2 28 31 33 20 9 
32 8 6 21 19 7 1 

swap
4 25 27 44 26 3 5 
47 46 29 35 22 24 38 
41 30 43 23 39 16 18 
14 40 48 36 17 10 34 
13 42 45 37 11 0 12 
15 2 28 31 33 20 9 
32 8 6 21 7 19 1 

swap
4 25 27 44 26 3 5 
47 46 29 35 22 24 38 
41 30 43 23 39 16 18 
14 40 48 36 17 10 34 
13 42 45 37 11 0 12 
15 2 28 31 33 20 9 
32 8 6 7 21 19 1 

swap
4 25 27 44 26 3 5 
47 46 29 35 22 24 38 
41 30 43 23 39 16 18 
14 40 48 36 17 10 34 
13 42 45 37 11 0 12 
15 2 28 31 33 20 1 
32 8 6 7 21 19 9 

swap
4 25 27 44 26 3 5 
47 46 29 35 22 24 38 
41 30 43 23 39 16 18 
14 40 48 36 17 10 34 
13 42 45 37 11 0 12 
15 2 28 31 33 20 1 
32 8 6 7 21 9 19 

swap
4 25 27 44 26 3 5 
47 46 29 35 22 24 38 
41 30 43 23 39 16 18 
14 40 48 36 17 10 34 
13 42 45 37 11 0 12 
15 2 28 31 33 20 1 
32 8 6 7 9 21 19 

swap
4 25 27 44 26 3 5 
47 46 29 35 22 24 38 
41 30 43 23 39 16 18 
14 40 48 36 17 10 34 
13 42 45 37 11 0 12 
15 2 28 31 33 20 1 
32 8 6 9 7 21 19 

swap
4 25 27 44 26 3 5 
47 46 29 35 22 24 38 
41 30 43 23 39 16 18 
14 40 48 36 17 10 34 
13 42 45 37 11 0 12 
15 2 28 31 33 20 1 
32 6 8 9 7 21 19 

swap
4 25 27 44 26 3 5 
47 46 29 35 22 24 38 
41 30 43 23 39 16 18 
14 40 48 36 17 10 34 
13 42 45 37 11 0 12 
15 2 28 31 33 20 1 
32 6 9 8 7 21 19 

swap
4 25 27 44 26 3 5 
47 46 29 35 22 24 38 
41 30 43 23 39 16 18 
14 40 48 36 17 10 34 
13 42 45 37 11 0 12 
15 2 28 31 33 20 1 
32 6 9 7 8 21 19 

no swap
4 25 27 44 26 3 5 
47 46 29 35 22 24 38 
41 30 43 23 39 16 18 
14 40 48 36 17 10 34 
13 42 45 37 11 0 12 
15 2 28 31 33 20 1 
32 6 9 7 8 21 19 

no swap
4 25 27 44 26 3 5 
47 46 29 35 22 24 38 
41 30 43 23 39 16 18 
14 40 48 36 17 10 34 
13 42 45 37 11 0 12 
15 2 28 31 33 20 1 
32 6 9 7 8 21 19 

swap
25 4 27 44 26 3 5 
47 46 29 35 22 24 38 
41 30 43 23 39 16 18 
14 40 48 36 17 10 34 
13 42 45 37 11 0 12 
15 2 28 31 33 20 1 
32 6 9 7 8 21 19 

swap
25 27 4 44 26 3 5 
47 46 29 35 22 24 38 
41 30 43 23 39 16 18 
14 40 48 36 17 10 34 
13 42 45 37 11 0 12 
15 2 28 31 33 20 1 
32 6 9 7 8 21 19 

swap
25 27 44 4 26 3 5 
47 46 29 35 22 24 38 
41 30 43 23 39 16 18 
14 40 48 36 17 10 34 
13 42 45 37 11 0 12 
15 2 28 31 33 20 1 
32 6 9 7 8 21 19 

swap
25 27 44 26 4 3 5 
47 46 29 35 22 24 38 
41 30 43 23 39 16 18 
14 40 48 36 17 10 34 
13 42 45 37 11 0 12 
15 2 28 31 33 20 1 
32 6 9 7 8 21 19 

swap
25 27 44 26 4 3 5 
47 46 29 35 22 24 38 
41 30 43 23 39 16 18 
14 40 48 36 17 10 34 
13 42 45 37 11 0 12 
15 6 28 31 33 20 1 
32 2 9 7 8 21 19 

swap
25 27 44 26 4 3 5 
47 46 29 35 22 24 38 
41 30 43 23 39 16 18 
14 40 48 36 17 10 34 
13 6 45 37 11 0 12 
15 42 28 31 33 20 1 
32 2 9 7 8 21 19 

swap
25 27 44 26 4 3 5 
47 46 29 35 22 24 38 
41 30 43 23 39 16 18 
14 6 48 36 17 10 34 
13 40 45 37 11 0 12 
15 42 28 31 33 20 1 
32 2 9 7 8 21 19 

swap
25 27 44 26 4 3 5 
47 46 29 35 22 24 38 
41 6 43 23 39 16 18 
14 30 48 36 17 10 34 
13 40 45 37 11 0 12 
15 42 28 31 33 20 1 
32 2 9 7 8 21 19 

swap
25 27 44 26 4 3 5 
47 6 29 35 22 24 38 
41 46 43 23 39 16 18 
14 30 48 36 17 10 34 
13 40 45 37 11 0 12 
15 42 28 31 33 20 1 
32 2 9 7 8 21 19 

swap
25 6 44 26 4 3 5 
47 27 29 35 22 24 38 
41 46 43 23 39 16 18 
14 30 48 36 17 10 34 
13 40 45 37 11 0 12 
15 42 28 31 33 20 1 
32 2 9 7 8 21 19 

swap
25 44 6 26 4 3 5 
47 27 29 35 22 24 38 
41 46 43 23 39 16 18 
14 30 48 36 17 10 34 
13 40 45 37 11 0 12 
15 42 28 31 33 20 1 
32 2 9 7 8 21 19 

swap
25 44 26 6 4 3 5 
47 27 29 35 22 24 38 
41 46 43 23 39 16 18 
14 30 48 36 17 10 34 
13 40 45 37 11 0 12 
15 42 28 31 33 20 1 
32 2 9 7 8 21 19 

swap
25 44 26 4 6 3 5 
47 27 29 35 22 24 38 
41 46 43 23 39 16 18 
14 30 48 36 17 10 34 
13 40 45 37 11 0 12 
15 42 28 31 33 20 1 
32 2 9 7 8 21 19 

swap
25 44 26 4 6 5 3 
47 27 29 35 22 24 38 
41 46 43 23 39 16 18 
14 30 48 36 17 10 34 
13 40 45 37 11 0 12 
15 42 28 31 33 20 1 
32 2 9 7 8 21 19 

swap
25 44 26 4 5 6 3 
47 27 29 35 22 24 38 
41 46 43 23 39 16 18 
14 30 48 36 17 10 34 
13 40 45 37 11 0 12 
15 42 28 31 33 20 1 
32 2 9 7 8 21 19 

swap
25 44 26 5 4 6 3 
47 27 29 35 22 24 38 
41 46 43 23 39 16 18 
14 30 48 36 17 10 34 
13 40 45 37 11 0 12 
15 42 28 31 33 20 1 
32 2 9 7 8 21 19 

no swap
25 44 26 5 4 6 3 
47 27 29 35 22 24 38 
41 46 43 23 39 16 18 
14 30 48 36 17 10 34 
13 40 45 37 11 0 12 
15 42 28 31 33 20 1 
32 2 9 7 8 21 19 

swap
25 44 26 5 4 6 3 
47 27 29 35 22 24 38 
41 46 43 23 39 16 18 
14 30 48 36 17 10 34 
13 40 45 37 11 0 12 
15 2 28 31 33 20 1 
32 42 9 7 8 21 19 

swap
25 44 26 5 4 6 3 
47 27 29 35 22 24 38 
41 46 43 23 39 16 18 
14 30 48 36 17 10 34 
13 2 45 37 11 0 12 
15 40 28 31 33 20 1 
32 42 9 7 8 21 19 

swap
25 44 26 5 4 6 3 
47 27 29 35 22 24 38 
41 46 43 23 39 16 18 
14 30 48 36 17 10 34 
13 45 2 37 11 0 12 
15 40 28 31 33 20 1 
32 42 9 7 8 21 19 

swap
25 44 26 5 4 6 3 
47 27 29 35 22 24 38 
41 46 43 23 39 16 18 
14 30 48 36 17 10 34 
13 45 37 2 11 0 12 
15 40 28 31 33 20 1 
32 42 9 7 8 21 19 

swap
25 44 26 5 4 6 3 
47 27 29 35 22 24 38 
41 46 43 23 39 16 18 
14 30 48 36 17 10 34 
13 45 37 11 2 0 12 
15 40 28 31 33 20 1 
32 42 9 7 8 21 19 

swap
25 44 26 5 4 6 3 
47 27 29 35 22 24 38 
41 46 43 23 39 16 18 
14 30 48 36 17 10 34 
13 45 37 11 2 0 1 
15 40 28 31 33 20 12 
32 42 9 7 8 21 19 

swap
25 44 26 5 4 6 38 
47 27 29 35 22 24 3 
41 46 43 23 39 16 18 
14 30 48 36 17 10 34 
13 45 37 11 2 0 1 
15 40 28 31 33 20 12 
32 42 9 7 8 21 19 

swap
25 44 26 5 4 6 38 
47 27 29 35 22 24 18 
41 46 43 23 39 16 3 
14 30 48 36 17 10 34 
13 45 37 11 2 0 1 
15 40 28 31 33 20 12 
32 42 9 7 8 21 19 

swap
25 44 26 5 4 6 38 
47 27 29 35 22 24 18 
41 46 43 23 39 16 34 
14 30 48 36 17 10 3 
13 45 37 11 2 0 1 
15 40 28 31 33 20 12 
32 42 9 7 8 21 19 

swap
25 44 26 5 4 6 38 
47 27 29 35 22 24 18 
41 46 43 23 39 16 34 
14 30 48 36 17 10 1 
13 45 37 11 2 0 3 
15 40 28 31 33 20 12 
32 42 9 7 8 21 19 

swap
25 44 26 5 4 6 38 
47 27 29 35 22 24 18 
41 46 43 23 39 16 34 
14 30 48 36 2 10 1 
13 45 37 11 17 0 3 
15 40 28 31 33 20 12 
32 42 9 7 8 21 19 

swap
25 44 26 5 4 6 38 
47 27 29 35 22 24 18 
41 46 43 23 39 16 34 
14 30 48 36 10 2 1 
13 45 37 11 17 0 3 
15 40 28 31 33 20 12 
32 42 9 7 8 21 19 

no swap
25 44 26 5 4 6 38 
47 27 29 35 22 24 18 
41 46 43 23 39 16 34 
14 30 48 36 10 2 1 
13 45 37 11 17 0 3 
15 40 28 31 33 20 12 
32 42 9 7 8 21 19 

no swap
25 44 26 5 4 6 38 
47 27 29 35 22 24 18 
