    94 96 4 10 7 1 95   
13 19 31 43 55 67 58 46 34 22 
73 79 91 83 71 59 68 80 92 82 
53 47 35 23 11 72 8 20 32 44 
0 3 15 27 39 84 42 30 18 6 
51 54 60 75 87 90 81 69 63 57 
93 9 21 33 45 78 48 36 24 12 
50 41 29 17 5 66 2 14 26 38 
76 85 89 77 65 56 62 74 86 88 
16 25 37 49 61 70 64 52 40 28 

swap
    94 43 4 10 7 1 95   
13 19 31 96 55 67 58 46 34 22 
73 79 91 83 71 59 68 80 92 82 
53 47 35 23 11 72 8 20 32 44 
0 3 15 27 39 84 42 30 18 6 
51 54 60 75 87 90 81 69 63 57 
93 9 21 33 45 78 48 36 24 12 
50 41 29 17 5 66 2 14 26 38 
76 85 89 77 65 56 62 74 86 88 
16 25 37 49 61 70 64 52 40 28 

swap
    94 43 4 10 7 1 95   
13 19 31 83 55 67 58 46 34 22 
73 79 91 96 71 59 68 80 92 82 
53 47 35 23 11 72 8 20 32 44 
0 3 15 27 39 84 42 30 18 6 
51 54 60 75 87 90 81 69 63 57 
93 9 21 33 45 78 48 36 24 12 
50 41 29 17 5 66 2 14 26 38 
76 85 89 77 65 56 62 74 86 88 
16 25 37 49 61 70 64 52 40 28 

swap
    94 43 4 10 7 1 95   
13 19 31 83 55 67 58 46 34 22 
73 79 91 23 71 59 68 80 92 82 
53 47 35 96 11 72 8 20 32 44 
0 3 15 27 39 84 42 30 18 6 
51 54 60 75 87 90 81 69 63 57 
93 9 21 33 45 78 48 36 24 12 
50 41 29 17 5 66 2 14 26 38 
76 85 89 77 65 56 62 74 86 88 
16 25 37 49 61 70 64 52 40 28 

swap
    94 43 4 10 7 1 95   
13 19 31 83 55 67 58 46 34 22 
73 79 91 23 71 59 68 80 92 82 
53 47 35 27 11 72 8 20 32 44 
0 3 15 96 39 84 42 30 18 6 
51 54 60 75 87 90 81 69 63 57 
93 9 21 33 45 78 48 36 24 12 
50 41 29 17 5 66 2 14 26 38 
76 85 89 77 65 56 62 74 86 88 
16 25 37 49 61 70 64 52 40 28 

swap
    94 43 4 10 7 1 95   
13 19 31 83 55 67 58 46 34 22 
73 79 91 23 71 59 68 80 92 82 
53 47 35 27 11 72 8 20 32 44 
0 3 15 75 39 84 42 30 18 6 
51 54 60 96 87 90 81 69 63 57 
93 9 21 33 45 78 48 36 24 12 
50 41 29 17 5 66 2 14 26 38 
76 85 89 77 65 56 62 74 86 88 
16 25 37 49 61 70 64 52 40 28 

swap
    94 43 4 10 7 1 95   
13 19 31 83 55 67 58 46 34 22 
73 79 91 23 71 59 68 80 92 82 
53 47 35 27 11 72 8 20 32 44 
0 3 15 75 39 84 42 30 18 6 
51 54 60 33 87 90 81 69 63 57 
93 9 21 96 45 78 48 36 24 12 
50 41 29 17 5 66 2 14 26 38 
76 85 89 77 65 56 62 74 86 88 
16 25 37 49 61 70 64 52 40 28 

swap
    94 43 4 10 7 1 95   
13 19 31 83 55 67 58 46 34 22 
73 79 91 23 71 59 68 80 92 82 
53 47 35 27 11 72 8 20 32 44 
0 3 15 75 39 84 42 30 18 6 
51 54 60 33 87 90 81 69 63 57 
93 9 96 21 45 78 48 36 24 12 
50 41 29 17 5 66 2 14 26 38 
76 85 89 77 65 56 62 74 86 88 
16 25 37 49 61 70 64 52 40 28 

swap
    94 43 4 10 7 1 95   
13 19 31 83 55 67 58 46 34 22 
73 79 91 23 71 59 68 80 92 82 
53 47 35 27 11 72 8 20 32 44 
0 3 15 75 39 84 42 30 18 6 
51 54 60 33 87 90 81 69 63 57 
93 96 9 21 45 78 48 36 24 12 
50 41 29 17 5 66 2 14 26 38 
76 85 89 77 65 56 62 74 86 88 
16 25 37 49 61 70 64 52 40 28 

swap
    94 43 4 10 7 1 34   
13 19 31 83 55 67 58 46 95 22 
73 79 91 23 71 59 68 80 92 82 
53 47 35 27 11 72 8 20 32 44 
0 3 15 75 39 84 42 30 18 6 
51 54 60 33 87 90 81 69 63 57 
93 96 9 21 45 78 48 36 24 12 
50 41 29 17 5 66 2 14 26 38 
76 85 89 77 65 56 62 74 86 88 
16 25 37 49 61 70 64 52 40 28 

swap
    94 43 4 10 7 1 34   
13 19 31 83 55 67 58 46 92 22 
73 79 91 23 71 59 68 80 95 82 
53 47 35 27 11 72 8 20 32 44 
0 3 15 75 39 84 42 30 18 6 
51 54 60 33 87 90 81 69 63 57 
93 96 9 21 45 78 48 36 24 12 
50 41 29 17 5 66 2 14 26 38 
76 85 89 77 65 56 62 74 86 88 
16 25 37 49 61 70 64 52 40 28 

swap
    94 43 4 10 7 1 34   
13 19 31 83 55 67 58 46 92 22 
73 79 91 23 71 59 68 80 32 82 
53 47 35 27 11 72 8 20 95 44 
0 3 15 75 39 84 42 30 18 6 
51 54 60 33 87 90 81 69 63 57 
93 96 9 21 45 78 48 36 24 12 
50 41 29 17 5 66 2 14 26 38 
76 85 89 77 65 56 62 74 86 88 
16 25 37 49 61 70 64 52 40 28 

swap
    94 43 4 10 7 1 34   
13 19 31 83 55 67 58 46 92 22 
73 79 91 23 71 59 68 80 32 82 
53 47 35 27 11 72 8 20 18 44 
0 3 15 75 39 84 42 30 95 6 
51 54 60 33 87 90 81 69 63 57 
93 96 9 21 45 78 48 36 24 12 
50 41 29 17 5 66 2 14 26 38 
76 85 89 77 65 56 62 74 86 88 
16 25 37 49 61 70 64 52 40 28 

swap
    94 43 4 10 7 1 34   
13 19 31 83 55 67 58 46 92 22 
73 79 91 23 71 59 68 80 32 82 
53 47 35 27 11 72 8 20 18 44 
0 3 15 75 39 84 42 30 63 6 
51 54 60 33 87 90 81 69 95 57 
93 96 9 21 45 78 48 36 24 12 
50 41 29 17 5 66 2 14 26 38 
76 85 89 77 65 56 62 74 86 88 
16 25 37 49 61 70 64 52 40 28 

swap
    94 43 4 10 7 1 34   
13 19 31 83 55 67 58 46 92 22 
73 79 91 23 71 59 68 80 32 82 
53 47 35 27 11 72 8 20 18 44 
0 3 15 75 39 84 42 30 63 6 
51 54 60 33 87 90 81 69 24 57 
93 96 9 21 45 78 48 36 95 12 
50 41 29 17 5 66 2 14 26 38 
76 85 89 77 65 56 62 74 86 88 
16 25 37 49 61 70 64 52 40 28 

swap
    94 43 4 10 7 1 34   
13 19 31 83 55 67 58 46 92 22 
73 79 91 23 71 59 68 80 32 82 
53 47 35 27 11 72 8 20 18 44 
0 3 15 75 39 84 42 30 63 6 
51 54 60 33 87 90 81 69 24 57 
93 96 9 21 45 78 48 95 36 12 
50 41 29 17 5 66 2 14 26 38 
76 85 89 77 65 56 62 74 86 88 
16 25 37 49 61 70 64 52 40 28 

swap
    94 43 4 10 7 1 34   
13 19 31 83 55 67 58 46 92 22 
73 79 91 23 71 59 68 80 32 82 
53 47 35 27 11 72 8 20 18 44 
0 3 15 75 39 84 42 30 63 6 
51 54 60 33 87 90 81 69 24 57 
93 96 9 21 45 78 95 48 36 12 
50 41 29 17 5 66 2 14 26 38 
76 85 89 77 65 56 62 74 86 88 
16 25 37 49 61 70 64 52 40 28 

swap
    94 43 4 10 7 1 34   
13 19 31 83 55 67 58 46 92 22 
73 79 91 23 71 59 68 80 32 82 
53 47 35 27 11 72 8 20 18 44 
0 3 15 75 39 84 42 30 63 6 
51 54 60 33 87 90 81 69 24 57 
93 96 9 21 45 95 78 48 36 12 
50 41 29 17 5 66 2 14 26 38 
76 85 89 77 65 56 62 74 86 88 
16 25 37 49 61 70 64 52 40 28 

swap
    94 43 4 10 7 1 34   
13 19 31 83 55 67 58 46 92 22 
73 79 91 23 71 59 68 80 32 82 
53 47 35 27 11 72 8 20 18 44 
0 3 15 75 39 84 42 30 63 6 
51 54 60 33 87 90 81 69 24 57 
93 96 9 21 95 45 78 48 36 12 
50 41 29 17 5 66 2 14 26 38 
76 85 89 77 65 56 62 74 86 88 
16 25 37 49 61 70 64 52 40 28 

swap
    94 43 4 10 7 1 34   
13 19 31 83 55 67 58 46 92 22 
73 79 91 23 71 59 68 80 32 82 
53 47 35 27 11 72 8 20 18 44 
0 3 15 75 39 84 42 30 63 6 
51 54 60 33 87 90 81 69 24 57 
93 96 9 95 21 45 78 48 36 12 
50 41 29 17 5 66 2 14 26 38 
76 85 89 77 65 56 62 74 86 88 
16 25 37 49 61 70 64 52 40 28 

swap
    94 43 4 10 7 1 34   
13 19 31 83 55 67 58 46 92 22 
73 79 91 23 71 59 68 80 32 82 
53 47 35 27 11 72 8 20 18 44 
0 3 15 75 39 84 42 30 63 6 
51 54 60 33 87 90 81 69 24 57 
93 96 95 9 21 45 78 48 36 12 
50 41 29 17 5 66 2 14 26 38 
76 85 89 77 65 56 62 74 86 88 
16 25 37 49 61 70 64 52 40 28 

swap
    94 43 4 10 7 1 34   
13 19 31 83 55 67 58 46 92 22 
73 79 91 23 71 59 68 80 32 82 
53 47 35 27 11 72 8 20 18 44 
0 3 15 75 39 84 42 30 63 6 
51 54 60 33 87 90 81 69 24 57 
93 95 96 9 21 45 78 48 36 12 
50 41 29 17 5 66 2 14 26 38 
76 85 89 77 65 56 62 74 86 88 
16 25 37 49 61 70 64 52 40 28 

swap
    31 43 4 10 7 1 34   
13 19 94 83 55 67 58 46 92 22 
73 79 91 23 71 59 68 80 32 82 
53 47 35 27 11 72 8 20 18 44 
0 3 15 75 39 84 42 30 63 6 
51 54 60 33 87 90 81 69 24 57 
93 95 96 9 21 45 78 48 36 12 
50 41 29 17 5 66 2 14 26 38 
76 85 89 77 65 56 62 74 86 88 
16 25 37 49 61 70 64 52 40 28 

swap
    31 43 4 10 7 1 34   
13 19 91 83 55 67 58 46 92 22 
73 79 94 23 71 59 68 80 32 82 
53 47 35 27 11 72 8 20 18 44 
0 3 15 75 39 84 42 30 63 6 
51 54 60 33 87 90 81 69 24 57 
93 95 96 9 21 45 78 48 36 12 
50 41 29 17 5 66 2 14 26 38 
76 85 89 77 65 56 62 74 86 88 
16 25 37 49 61 70 64 52 40 28 

swap
    31 43 4 10 7 1 34   
13 19 91 83 55 67 58 46 92 22 
73 79 35 23 71 59 68 80 32 82 
53 47 94 27 11 72 8 20 18 44 
0 3 15 75 39 84 42 30 63 6 
51 54 60 33 87 90 81 69 24 57 
93 95 96 9 21 45 78 48 36 12 
50 41 29 17 5 66 2 14 26 38 
76 85 89 77 65 56 62 74 86 88 
16 25 37 49 61 70 64 52 40 28 

swap
    31 43 4 10 7 1 34   
13 19 91 83 55 67 58 46 92 22 
73 79 35 23 71 59 68 80 32 82 
53 47 15 27 11 72 8 20 18 44 
0 3 94 75 39 84 42 30 63 6 
51 54 60 33 87 90 81 69 24 57 
93 95 96 9 21 45 78 48 36 12 
50 41 29 17 5 66 2 14 26 38 
76 85 89 77 65 56 62 74 86 88 
16 25 37 49 61 70 64 52 40 28 

swap
    31 43 4 10 7 1 34   
13 19 91 83 55 67 58 46 92 22 
73 79 35 23 71 59 68 80 32 82 
53 47 15 27 11 72 8 20 18 44 
0 3 60 75 39 84 42 30 63 6 
51 54 94 33 87 90 81 69 24 57 
93 95 96 9 21 45 78 48 36 12 
50 41 29 17 5 66 2 14 26 38 
76 85 89 77 65 56 62 74 86 88 
16 25 37 49 61 70 64 52 40 28 

swap
    31 43 4 10 7 1 34   
13 19 91 83 55 67 58 46 92 22 
73 79 35 23 71 59 68 80 32 82 
53 47 15 27 11 72 8 20 18 44 
0 3 60 75 39 84 42 30 63 6 
51 54 96 33 87 90 81 69 24 57 
93 95 94 9 21 45 78 48 36 12 
50 41 29 17 5 66 2 14 26 38 
76 85 89 77 65 56 62 74 86 88 
16 25 37 49 61 70 64 52 40 28 

swap
    31 43 4 10 7 1 34   
13 19 91 83 55 67 58 46 92 22 
73 79 35 23 71 59 68 80 32 82 
53 47 15 27 11 72 8 20 18 44 
0 3 60 75 39 84 42 30 63 6 
51 54 96 33 87 90 81 69 24 57 
93 94 95 9 21 45 78 48 36 12 
50 41 29 17 5 66 2 14 26 38 
76 85 89 77 65 56 62 74 86 88 
16 25 37 49 61 70 64 52 40 28 

no swap
    31 43 4 10 7 1 34   
13 19 91 83 55 67 58 46 92 22 
73 79 35 23 71 59 68 80 32 82 
53 47 15 27 11 72 8 20 18 44 
0 3 60 75 39 84 42 30 63 6 
51 54 96 33 87 90 81 69 24 57 
93 94 95 9 21 45 78 48 36 12 
50 41 29 17 5 66 2 14 26 38 
76 85 89 77 65 56 62 74 86 88 
16 25 37 49 61 70 64 52 40 28 

no swap
    31 43 4 10 7 1 34   
13 19 91 83 55 67 58 46 92 22 
73 79 35 23 71 59 68 80 32 82 
53 47 15 27 11 72 8 20 18 44 
0 3 60 75 39 84 42 30 63 6 
51 54 96 33 87 90 81 69 24 57 
93 94 95 9 21 45 78 48 36 12 
50 41 29 17 5 66 2 14 26 38 
76 85 89 77 65 56 62 74 86 88 
16 25 37 49 61 70 64 52 40 28 

no swap
    31 43 4 10 7 1 34   
13 19 91 83 55 67 58 46 92 22 
73 79 35 23 71 59 68 80 32 82 
53 47 15 27 11 72 8 20 18 44 
0 3 60 75 39 84 42 30 63 6 
51 54 96 33 87 90 81 69 24 57 
93 94 95 9 21 45 78 48 36 12 
50 41 29 17 5 66 2 14 26 38 
76 85 89 77 65 56 62 74 86 88 
16 25 37 49 61 70 64 52 40 28 

swap
    31 43 4 10 7 1 34   
13 19 91 83 55 67 58 46 32 22 
73 79 35 23 71 59 68 80 92 82 
53 47 15 27 11 72 8 20 18 44 
0 3 60 75 39 84 42 30 63 6 
51 54 96 33 87 90 81 69 24 57 
93 94 95 9 21 45 78 48 36 12 
50 41 29 17 5 66 2 14 26 38 
76 85 89 77 65 56 62 74 86 88 
16 25 37 49 61 70 64 52 40 28 

swap
    31 43 4 10 7 1 34   
13 19 91 83 55 67 58 46 32 22 
73 79 35 23 71 59 68 80 18 82 
53 47 15 27 11 72 8 20 92 44 
0 3 60 75 39 84 42 30 63 6 
51 54 96 33 87 90 81 69 24 57 
93 94 95 9 21 45 78 48 36 12 
50 41 29 17 5 66 2 14 26 38 
76 85 89 77 65 56 62 74 86 88 
16 25 37 49 61 70 64 52 40 28 

swap
    31 43 4 10 7 1 34   
13 19 91 83 55 67 58 46 32 22 
73 79 35 23 71 59 68 80 18 82 
53 47 15 27 11 72 8 20 63 44 
0 3 60 75 39 84 42 30 92 6 
51 54 96 33 87 90 81 69 24 57 
93 94 95 9 21 45 78 48 36 12 
50 41 29 17 5 66 2 14 26 38 
76 85 89 77 65 56 62 74 86 88 
16 25 37 49 61 70 64 52 40 28 

swap
    31 43 4 10 7 1 34   
13 19 91 83 55 67 58 46 32 22 
73 79 35 23 71 59 68 80 18 82 
53 47 15 27 11 72 8 20 63 44 
0 3 60 75 39 84 42 30 24 6 
51 54 96 33 87 90 81 69 92 57 
93 94 95 9 21 45 78 48 36 12 
50 41 29 17 5 66 2 14 26 38 
76 85 89 77 65 56 62 74 86 88 
16 25 37 49 61 70 64 52 40 28 

swap
    31 43 4 10 7 1 34   
13 19 91 83 55 67 58 46 32 22 
73 79 35 23 71 59 68 80 18 82 
53 47 15 27 11 72 8 20 63 44 
0 3 60 75 39 84 42 30 24 6 
51 54 96 33 87 90 81 92 69 57 
93 94 95 9 21 45 78 48 36 12 
50 41 29 17 5 66 2 14 26 38 
76 85 89 77 65 56 62 74 86 88 
16 25 37 49 61 70 64 52 40 28 

swap
    31 43 4 10 7 1 34   
13 19 91 83 55 67 58 46 32 22 
73 79 35 23 71 59 68 80 18 82 
53 47 15 27 11 72 8 20 63 44 
0 3 60 75 39 84 42 30 24 6 
51 54 96 33 87 90 92 81 69 57 
93 94 95 9 21 45 78 48 36 12 
50 41 29 17 5 66 2 14 26 38 
76 85 89 77 65 56 62 74 86 88 
16 25 37 49 61 70 64 52 40 28 

swap
    31 43 4 10 7 1 34   
13 19 35 83 55 67 58 46 32 22 
73 79 91 23 71 59 68 80 18 82 
53 47 15 27 11 72 8 20 63 44 
0 3 60 75 39 84 42 30 24 6 
51 54 96 33 87 90 92 81 69 57 
93 94 95 9 21 45 78 48 36 12 
50 41 29 17 5 66 2 14 26 38 
76 85 89 77 65 56 62 74 86 88 
16 25 37 49 61 70 64 52 40 28 

swap
    31 43 4 10 7 1 34   
13 19 35 83 55 67 58 46 32 22 
73 79 15 23 71 59 68 80 18 82 
53 47 91 27 11 72 8 20 63 44 
0 3 60 75 39 84 42 30 24 6 
51 54 96 33 87 90 92 81 69 57 
93 94 95 9 21 45 78 48 36 12 
50 41 29 17 5 66 2 14 26 38 
76 85 89 77 65 56 62 74 86 88 
16 25 37 49 61 70 64 52 40 28 

swap
    31 43 4 10 7 1 34   
13 19 35 83 55 67 58 46 32 22 
73 79 15 23 71 59 68 80 18 82 
53 47 60 27 11 72 8 20 63 44 
0 3 91 75 39 84 42 30 24 6 
51 54 96 33 87 90 92 81 69 57 
93 94 95 9 21 45 78 48 36 12 
50 41 29 17 5 66 2 14 26 38 
76 85 89 77 65 56 62 74 86 88 
16 25 37 49 61 70 64 52 40 28 

swap
    31 43 4 10 7 1 34   
13 19 35 83 55 67 58 46 32 22 
73 79 15 23 71 59 68 80 18 82 
53 47 60 27 11 72 8 20 63 44 
0 3 96 75 39 84 42 30 24 6 
51 54 91 33 87 90 92 81 69 57 
93 94 95 9 21 45 78 48 36 12 
50 41 29 17 5 66 2 14 26 38 
76 85 89 77 65 56 62 74 86 88 
16 25 37 49 61 70 64 52 40 28 

swap
    31 43 4 10 7 1 34   
13 19 35 83 55 67 58 46 32 22 
73 79 15 23 71 59 68 80 18 82 
53 47 60 27 11 72 8 20 63 44 
0 3 96 75 39 84 42 30 24 6 
51 54 33 91 87 90 92 81 69 57 
93 94 95 9 21 45 78 48 36 12 
50 41 29 17 5 66 2 14 26 38 
76 85 89 77 65 56 62 74 86 88 
16 25 37 49 61 70 64 52 40 28 

swap
    31 43 4 10 7 1 34   
13 19 35 83 55 67 58 46 32 22 
73 79 15 23 71 59 68 80 18 82 
53 47 60 27 11 72 8 20 63 44 
0 3 96 75 39 84 42 30 24 6 
51 54 33 87 91 90 92 81 69 57 
93 94 95 9 21 45 78 48 36 12 
50 41 29 17 5 66 2 14 26 38 
76 85 89 77 65 56 62 74 86 88 
16 25 37 49 61 70 64 52 40 28 

swap
    31 43 4 10 7 1 34   
13 19 35 83 55 67 58 46 32 22 
73 79 15 23 71 59 68 80 18 82 
53 47 60 27 11 72 8 20 63 44 
0 3 96 75 39 84 42 30 24 6 
93 54 33 87 91 90 92 81 69 57 
51 94 95 9 21 45 78 48 36 12 
50 41 29 17 5 66 2 14 26 38 
76 85 89 77 65 56 62 74 86 88 
16 25 37 49 61 70 64 52 40 28 

swap
    31 43 4 10 7 1 34   
13 19 35 83 55 67 58 46 32 22 
73 79 15 23 71 59 68 80 18 82 
53 47 60 27 11 72 8 20 63 44 
0 3 96 75 39 84 42 30 24 6 
54 93 33 87 91 90 92 81 69 57 
51 94 95 9 21 45 78 48 36 12 
50 41 29 17 5 66 2 14 26 38 
76 85 89 77 65 56 62 74 86 88 
16 25 37 49 61 70 64 52 40 28 

swap
    31 43 4 10 7 1 34   
13 19 35 83 55 67 58 46 32 22 
73 79 15 23 71 59 68 80 18 82 
53 47 60 27 11 72 8 20 63 44 
0 3 96 75 39 84 42 30 24 6 
54 33 93 87 91 90 92 81 69 57 
51 94 95 9 21 45 78 48 36 12 
50 41 29 17 5 66 2 14 26 38 
76 85 89 77 65 56 62 74 86 88 
16 25 37 49 61 70 64 52 40 28 

swap
    31 43 4 10 7 1 34   
13 19 35 83 55 67 58 46 32 22 
73 79 15 23 71 59 68 80 18 82 
53 47 60 27 11 72 8 20 63 44 
0 3 96 75 39 84 42 30 24 6 
54 33 87 93 91 90 92 81 69 57 
51 94 95 9 21 45 78 48 36 12 
50 41 29 17 5 66 2 14 26 38 
76 85 89 77 65 56 62 74 86 88 
16 25 37 49 61 70 64 52 40 28 

swap
    31 43 4 10 7 1 34   
13 19 35 83 55 67 58 46 32 22 
73 79 15 23 71 59 68 80 18 82 
53 47 60 27 11 72 8 20 63 44 
0 3 96 75 39 84 42 30 24 6 
54 33 87 91 93 90 92 81 69 57 
51 94 95 9 21 45 78 48 36 12 
50 41 29 17 5 66 2 14 26 38 
76 85 89 77 65 56 62 74 86 88 
16 25 37 49 61 70 64 52 40 28 

swap
    31 43 4 10 7 1 34   
13 19 35 83 55 67 58 46 32 22 
73 79 15 23 71 59 68 80 18 82 
53 47 60 27 11 72 8 20 63 44 
0 3 96 75 39 84 42 30 24 6 
54 33 87 91 93 92 90 81 69 57 
51 94 95 9 21 45 78 48 36 12 
50 41 29 17 5 66 2 14 26 38 
76 85 89 77 65 56 62 74 86 88 
16 25 37 49 61 70 64 52 40 28 

swap
    31 43 4 10 7 1 34   
13 19 35 83 55 67 58 46 32 22 
73 79 15 23 71 59 68 80 18 82 
53 47 60 27 11 72 8 20 63 44 
0 3 96 75 39 84 42 30 24 6 
54 33 87 91 92 93 90 81 69 57 
51 94 95 9 21 45 78 48 36 12 
50 41 29 17 5 66 2 14 26 38 
76 85 89 77 65 56 62 74 86 88 
16 25 37 49 61 70 64 52 40 28 

swap
    31 43 4 10 7 1 34   
13 19 35 83 55 67 58 46 32 22 
73 79 15 23 71 59 68 80 18 82 
53 47 60 27 11 72 8 20 63 44 
0 3 96 75 39 84 42 30 24 6 
54 33 87 92 91 93 90 81 69 57 
51 94 95 9 21 45 78 48 36 12 
50 41 29 17 5 66 2 14 26 38 
76 85 89 77 65 56 62 74 86 88 
16 25 37 49 61 70 64 52 40 28 

no swap
    31 43 4 10 7 1 34   
13 19 35 83 55 67 58 46 32 22 
73 79 15 23 71 59 68 80 18 82 
53 47 60 27 11 72 8 20 63 44 
0 3 96 75 39 84 42 30 24 6 
54 33 87 92 91 93 90 81 69 57 
51 94 95 9 21 45 78 48 36 12 
50 41 29 17 5 66 2 14 26 38 
76 85 89 77 65 56 62 74 86 88 
16 25 37 49 61 70 64 52 40 28 

swap
    31 43 4 10 7 1 34   
13 19 35 83 55 67 58 46 32 22 
73 79 15 23 71 59 68 80 18 82 
53 47 60 27 11 72 8 20 63 44 
0 3 96 75 39 84 42 30 24 6 
54 33 87 92 91 93 90 81 69 57 
51 94 95 9 21 45 78 48 36 12 
50 41 89 17 5 66 2 14 26 38 
76 85 29 77 65 56 62 74 86 88 
16 25 37 49 61 70 64 52 40 28 

swap
    31 43 4 10 7 1 34   
13 19 35 83 55 67 58 46 32 22 
73 79 15 23 71 59 68 80 18 82 
53 47 60 27 11 72 8 20 63 44 
0 3 96 75 39 84 42 30 24 6 
54 33 87 92 91 93 90 81 69 57 
51 94 89 9 21 45 78 48 36 12 
50 41 95 17 5 66 2 14 26 38 
76 85 29 77 65 56 62 74 86 88 
16 25 37 49 61 70 64 52 40 28 

swap
    31 43 4 10 7 1 34   
13 19 35 83 55 67 58 46 32 22 
73 79 15 23 71 59 68 80 18 82 
53 47 60 27 11 72 8 20 63 44 
0 3 96 75 39 84 42 30 24 6 
54 33 87 92 91 93 90 81 69 57 
51 94 89 9 21 45 78 48 36 12 
50 41 95 17 5 66 2 14 26 88 
76 85 29 77 65 56 62 74 86 38 
16 25 37 49 61 70 64 52 40 28 

swap
    31 43 4 10 7 1 34   
13 19 35 83 55 67 58 46 32 22 
73 79 15 23 71 59 68 80 18 82 
53 47 60 27 11 72 8 20 63 44 
0 3 96 75 39 84 42 30 24 6 
54 33 87 92 91 93 90 81 69 57 
51 94 89 9 21 45 78 48 36 88 
50 41 95 17 5 66 2 14 26 12 
76 85 29 77 65 56 62 74 86 38 
16 25 37 49 61 70 64 52 40 28 

swap
    31 43 4 10 7 1 34   
13 19 35 83 55 67 58 46 32 22 
73 79 15 23 71 59 68 80 18 82 
53 47 60 27 11 72 8 20 63 44 
0 3 96 75 39 84 42 30 24 6 
54 33 87 92 91 93 90 81 69 88 
51 94 89 9 21 45 78 48 36 57 
50 41 95 17 5 66 2 14 26 12 
76 85 29 77 65 56 62 74 86 38 
16 25 37 49 61 70 64 52 40 28 

swap
    31 43 4 10 7 1 34   
13 19 35 83 55 67 58 46 32 22 
73 79 15 23 71 59 68 80 18 82 
53 47 60 27 11 72 8 20 63 44 
0 3 96 75 39 84 42 30 24 6 
54 33 87 92 91 93 90 81 88 69 
51 94 89 9 21 45 78 48 36 57 
50 41 95 17 5 66 2 14 26 12 
76 85 29 77 65 56 62 74 86 38 
16 25 37 49 61 70 64 52 40 28 

swap
    31 43 4 10 7 1 34   
13 19 35 83 55 67 58 46 32 22 
73 79 15 23 71 59 68 80 18 82 
53 47 60 27 11 72 8 20 63 44 
0 3 96 75 39 84 42 30 24 6 
54 33 87 92 91 93 90 88 81 69 
51 94 89 9 21 45 78 48 36 57 
50 41 95 17 5 66 2 14 26 12 
76 85 29 77 65 56 62 74 86 38 
16 25 37 49 61 70 64 52 40 28 

swap
    31 43 4 10 7 1 34   
13 19 35 83 55 67 58 46 32 22 
73 79 15 23 71 59 68 80 18 82 
53 47 60 27 11 72 8 20 63 44 
0 3 96 75 39 84 42 30 24 6 
54 33 87 92 91 93 88 90 81 69 
51 94 89 9 21 45 78 48 36 57 
50 41 95 17 5 66 2 14 26 12 
76 85 29 77 65 56 62 74 86 38 
16 25 37 49 61 70 64 52 40 28 

swap
    31 43 4 10 7 1 34   
13 19 35 83 55 67 58 46 32 22 
73 79 15 23 71 59 68 80 18 82 
53 47 60 27 11 72 8 20 63 44 
0 3 96 75 39 84 42 30 24 6 
54 33 87 92 91 88 93 90 81 69 
51 94 89 9 21 45 78 48 36 57 
50 41 95 17 5 66 2 14 26 12 
76 85 29 77 65 56 62 74 86 38 
16 25 37 49 61 70 64 52 40 28 

swap
    31 43 4 10 7 1 34   
13 19 35 83 55 67 58 46 32 22 
73 79 15 23 71 59 68 80 18 82 
53 47 60 27 11 72 8 20 63 44 
0 3 96 75 39 84 42 30 24 6 
54 33 87 92 88 91 93 90 81 69 
51 94 89 9 21 45 78 48 36 57 
50 41 95 17 5 66 2 14 26 12 
76 85 29 77 65 56 62 74 86 38 
16 25 37 49 61 70 64 52 40 28 

swap
    31 43 4 10 7 1 34   
13 19 35 83 55 67 58 46 32 22 
73 79 15 23 71 59 68 80 18 82 
53 47 60 27 11 72 8 20 63 44 
0 3 96 75 39 84 42 30 24 6 
54 33 87 88 92 91 93 90 81 69 
51 94 89 9 21 45 78 48 36 57 
50 41 95 17 5 66 2 14 26 12 
76 85 29 77 65 56 62 74 86 38 
16 25 37 49 61 70 64 52 40 28 

swap
    31 43 4 10 7 1 34   
13 19 35 83 55 67 58 46 32 22 
73 79 15 23 71 59 68 80 18 82 
53 47 60 27 11 72 8 20 63 44 
0 3 96 75 39 84 42 30 24 6 
54 33 87 88 92 91 90 93 81 69 
51 94 89 9 21 45 78 48 36 57 
50 41 95 17 5 66 2 14 26 12 
76 85 29 77 65 56 62 74 86 38 
16 25 37 49 61 70 64 52 40 28 

swap
    31 43 4 10 7 1 34   
13 19 35 83 55 67 58 46 32 22 
73 79 15 23 71 59 68 80 18 82 
53 47 60 27 11 72 8 20 63 44 
0 3 96 75 39 84 42 30 24 6 
54 33 87 88 92 90 91 93 81 69 
51 94 89 9 21 45 78 48 36 57 
50 41 95 17 5 66 2 14 26 12 
76 85 29 77 65 56 62 74 86 38 
16 25 37 49 61 70 64 52 40 28 

swap
    31 43 4 10 7 1 34   
13 19 35 83 55 67 58 46 32 22 
73 79 15 23 71 59 68 80 18 82 
53 47 60 27 11 72 8 20 63 44 
0 3 96 75 39 84 42 30 24 6 
54 33 87 88 90 92 91 93 81 69 
51 94 89 9 21 45 78 48 36 57 
50 41 95 17 5 66 2 14 26 12 
76 85 29 77 65 56 62 74 86 38 
16 25 37 49 61 70 64 52 40 28 

swap
    31 43 4 10 7 1 34   
13 19 35 83 55 67 58 46 32 22 
73 79 15 23 71 59 68 80 18 82 
53 47 60 27 11 72 8 20 63 44 
0 3 96 75 39 84 42 30 24 6 
54 33 87 90 88 92 91 93 81 69 
51 94 89 9 21 45 78 48 36 57 
50 41 95 17 5 66 2 14 26 12 
76 85 29 77 65 56 62 74 86 38 
16 25 37 49 61 70 64 52 40 28 

swap
    31 43 4 10 7 1 34   
13 19 35 83 55 67 58 46 32 22 
73 79 15 23 71 59 68 80 18 82 
53 47 60 27 11 72 8 20 63 44 
0 3 96 75 39 84 42 30 24 6 
54 33 89 90 88 92 91 93 81 69 
51 94 87 9 21 45 78 48 36 57 
50 41 95 17 5 66 2 14 26 12 
76 85 29 77 65 56 62 74 86 38 
16 25 37 49 61 70 64 52 40 28 

swap
    31 43 4 10 7 1 34   
13 19 35 83 55 67 58 46 32 22 
73 79 15 23 71 59 68 80 18 82 
53 47 60 27 11 72 8 20 63 44 
0 3 96 75 39 84 42 30 24 6 
54 33 90 89 88 92 91 93 81 69 
51 94 87 9 21 45 78 48 36 57 
50 41 95 17 5 66 2 14 26 12 
76 85 29 77 65 56 62 74 86 38 
16 25 37 49 61 70 64 52 40 28 

swap
    31 43 4 10 7 1 34   
13 19 35 83 55 67 58 46 32 22 
73 79 15 23 71 59 68 80 18 82 
53 47 60 27 11 72 8 20 63 44 
0 3 96 75 39 84 42 30 24 6 
54 33 90 88 89 92 91 93 81 69 
51 94 87 9 21 45 78 48 36 57 
50 41 95 17 5 66 2 14 26 12 
76 85 29 77 65 56 62 74 86 38 
16 25 37 49 61 70 64 52 40 28 

no swap
    31 43 4 10 7 1 34   
13 19 35 83 55 67 58 46 32 22 
73 79 15 23 71 59 68 80 18 82 
53 47 60 27 11 72 8 20 63 44 
0 3 96 75 39 84 42 30 24 6 
54 33 90 88 89 92 91 93 81 69 
51 94 87 9 21 45 78 48 36 57 
50 41 95 17 5 66 2 14 26 12 
76 85 29 77 65 56 62 74 86 38 
16 25 37 49 61 70 64 52 40 28 

swap
    31 43 4 10 7 1 34   
13 19 35 83 55 67 58 46 32 22 
73 79 15 23 71 59 68 80 18 82 
53 47 60 27 11 72 8 20 63 44 
0 3 96 75 39 84 42 30 24 6 
54 33 90 88 89 92 91 93 81 69 
51 94 87 9 21 45 78 48 36 57 
50 41 95 17 5 66 2 14 86 12 
76 85 29 77 65 56 62 74 26 38 
16 25 37 49 61 70 64 52 40 28 

swap
    31 43 4 10 7 1 34   
13 19 35 83 55 67 58 46 32 22 
73 79 15 23 71 59 68 80 18 82 
53 47 60 27 11 72 8 20 63 44 
0 3 96 75 39 84 42 30 24 6 
54 33 90 88 89 92 91 93 81 69 
51 94 87 9 21 45 78 48 86 57 
50 41 95 17 5 66 2 14 36 12 
76 85 29 77 65 56 62 74 26 38 
16 25 37 49 61 70 64 52 40 28 

swap
    31 43 4 10 7 1 34   
13 19 35 83 55 67 58 46 32 22 
73 79 15 23 71 59 68 80 18 82 
53 47 60 27 11 72 8 20 63 44 
0 3 96 75 39 84 42 30 24 6 
54 33 90 88 89 92 91 93 86 69 
51 94 87 9 21 45 78 48 81 57 
50 41 95 17 5 66 2 14 36 12 
76 85 29 77 65 56 62 74 26 38 
16 25 37 49 61 70 64 52 40 28 

swap
    31 43 4 10 7 1 34   
13 19 35 83 55 67 58 46 32 22 
73 79 15 23 71 59 68 80 18 82 
53 47 60 27 11 72 8 20 63 44 
0 3 96 75 39 84 42 30 86 6 
54 33 90 88 89 92 91 93 24 69 
51 94 87 9 21 45 78 48 81 57 
50 41 95 17 5 66 2 14 36 12 
76 85 29 77 65 56 62 74 26 38 
16 25 37 49 61 70 64 52 40 28 

swap
    31 43 4 10 7 1 34   
13 19 35 83 55 67 58 46 32 22 
73 79 15 23 71 59 68 80 18 82 
53 47 60 27 11 72 8 20 63 44 
0 3 96 75 39 84 42 86 30 6 
54 33 90 88 89 92 91 93 24 69 
51 94 87 9 21 45 78 48 81 57 
50 41 95 17 5 66 2 14 36 12 
76 85 29 77 65 56 62 74 26 38 
16 25 37 49 61 70 64 52 40 28 

swap
    31 43 4 10 7 1 34   
13 19 35 83 55 67 58 46 32 22 
73 79 15 23 71 59 68 80 18 82 
53 47 60 27 11 72 8 20 63 44 
0 3 96 75 39 84 86 42 30 6 
54 33 90 88 89 92 91 93 24 69 
51 94 87 9 21 45 78 48 81 57 
50 41 95 17 5 66 2 14 36 12 
76 85 29 77 65 56 62 74 26 38 
16 25 37 49 61 70 64 52 40 28 

swap
    31 43 4 10 7 1 34   
13 19 35 83 55 67 58 46 32 22 
73 79 15 23 71 59 68 80 18 82 
53 47 60 27 11 72 8 20 63 44 
0 3 96 75 39 84 86 42 30 6 
54 33 90 88 89 92 91 93 24 69 
51 94 87 9 21 45 78 48 81 57 
50 85 95 17 5 66 2 14 36 12 
76 41 29 77 65 56 62 74 26 38 
16 25 37 49 61 70 64 52 40 28 

swap
    31 43 4 10 7 1 34   
13 19 35 83 55 67 58 46 32 22 
73 79 15 23 71 59 68 80 18 82 
53 47 60 27 11 72 8 20 63 44 
0 3 96 75 39 84 86 42 30 6 
54 33 90 88 89 92 91 93 24 69 
51 85 87 9 21 45 78 48 81 57 
50 94 95 17 5 66 2 14 36 12 
76 41 29 77 65 56 62 74 26 38 
16 25 37 49 61 70 64 52 40 28 

swap
    31 43 4 10 7 1 34   
13 19 35 83 55 67 58 46 32 22 
73 79 15 23 71 59 68 80 18 82 
53 47 60 27 11 72 8 20 63 44 
0 3 96 75 39 84 86 42 30 6 
54 85 90 88 89 92 91 93 24 69 
51 33 87 9 21 45 78 48 81 57 
50 94 95 17 5 66 2 14 36 12 
76 41 29 77 65 56 62 74 26 38 
16 25 37 49 61 70 64 52 40 28 

swap
    31 43 4 10 7 1 34   
13 19 35 83 55 67 58 46 32 22 
73 79 15 23 71 59 68 80 18 82 
53 47 60 27 11 72 8 20 63 44 
0 85 96 75 39 84 86 42 30 6 
54 3 90 88 89 92 91 93 24 69 
51 33 87 9 21 45 78 48 81 57 
50 94 95 17 5 66 2 14 36 12 
76 41 29 77 65 56 62 74 26 38 
16 25 37 49 61 70 64 52 40 28 

swap
    31 43 4 10 7 1 34   
13 19 35 83 55 67 58 46 32 22 
73 79 15 23 71 59 68 80 18 82 
53 47 60 27 11 72 8 20 63 44 
0 96 85 75 39 84 86 42 30 6 
54 3 90 88 89 92 91 93 24 69 
51 33 87 9 21 45 78 48 81 57 
50 94 95 17 5 66 2 14 36 12 
76 41 29 77 65 56 62 74 26 38 
16 25 37 49 61 70 64 52 40 28 

swap
    31 43 4 10 7 1 34   
13 19 35 83 55 67 58 46 32 22 
73 79 15 23 71 59 68 80 18 82 
53 47 60 27 11 72 8 20 63 44 
0 96 75 85 39 84 86 42 30 6 
54 3 90 88 89 92 91 93 24 69 
51 33 87 9 21 45 78 48 81 57 
50 94 95 17 5 66 2 14 36 12 
76 41 29 77 65 56 62 74 26 38 
16 25 37 49 61 70 64 52 40 28 

swap
    31 43 4 10 7 1 34   
13 19 35 83 55 67 58 46 32 22 
73 79 15 23 71 59 68 80 18 82 
53 47 60 27 11 72 8 20 63 44 
0 96 75 39 85 84 86 42 30 6 
54 3 90 88 89 92 91 93 24 69 
51 33 87 9 21 45 78 48 81 57 
50 94 95 17 5 66 2 14 36 12 
76 41 29 77 65 56 62 74 26 38 
16 25 37 49 61 70 64 52 40 28 

swap
    31 43 4 10 7 1 34   
13 19 35 83 55 67 58 46 32 22 
73 79 15 23 71 59 68 80 18 82 
53 47 60 27 11 72 8 20 63 44 
0 96 75 39 85 84 86 42 30 6 
54 3 87 88 89 92 91 93 24 69 
51 33 90 9 21 45 78 48 81 57 
50 94 95 17 5 66 2 14 36 12 
76 41 29 77 65 56 62 74 26 38 
16 25 37 49 61 70 64 52 40 28 

swap
    31 43 4 10 7 1 34   
13 19 35 83 55 67 58 46 32 22 
73 79 15 23 71 59 68 80 18 82 
53 47 60 27 11 72 8 20 63 44 
0 96 87 39 85 84 86 42 30 6 
54 3 75 88 89 92 91 93 24 69 
51 33 90 9 21 45 78 48 81 57 
50 94 95 17 5 66 2 14 36 12 
76 41 29 77 65 56 62 74 26 38 
16 25 37 49 61 70 64 52 40 28 

swap
    31 43 4 10 7 1 34   
13 19 35 83 55 67 58 46 32 22 
73 79 15 23 71 59 68 80 18 82 
53 47 60 27 11 72 8 20 63 44 
0 96 39 87 85 84 86 42 30 6 
54 3 75 88 89 92 91 93 24 69 
51 33 90 9 21 45 78 48 81 57 
50 94 95 17 5 66 2 14 36 12 
76 41 29 77 65 56 62 74 26 38 
16 25 37 49 61 70 64 52 40 28 

swap
    31 43 4 10 7 1 34   
13 19 35 83 55 67 58 46 32 22 
73 79 15 23 71 59 68 80 18 82 
53 47 60 27 11 72 8 20 63 44 
0 96 39 85 87 84 86 42 30 6 
54 3 75 88 89 92 91 93 24 69 
51 33 90 9 21 45 78 48 81 57 
50 94 95 17 5 66 2 14 36 12 
76 41 29 77 65 56 62 74 26 38 
16 25 37 49 61 70 64 52 40 28 

swap
    31 43 4 10 7 1 34   
13 19 35 83 55 67 58 46 32 22 
73 79 15 23 71 59 68 80 18 82 
53 47 60 27 11 72 8 20 63 44 
0 96 39 85 87 86 84 42 30 6 
54 3 75 88 89 92 91 93 24 69 
51 33 90 9 21 45 78 48 81 57 
50 94 95 17 5 66 2 14 36 12 
76 41 29 77 65 56 62 74 26 38 
16 25 37 49 61 70 64 52 40 28 

swap
    31 43 4 10 7 1 34   
13 19 35 83 55 67 58 46 32 22 
73 79 15 23 71 59 68 80 18 82 
53 47 60 27 11 72 8 20 63 44 
0 96 39 85 86 87 84 42 30 6 
54 3 75 88 89 92 91 93 24 69 
51 33 90 9 21 45 78 48 81 57 
50 94 95 17 5 66 2 14 36 12 
76 41 29 77 65 56 62 74 26 38 
16 25 37 49 61 70 64 52 40 28 

swap
    31 43 4 10 7 1 34   
13 19 35 83 55 67 58 46 32 22 
73 79 15 23 71 59 68 80 18 82 
53 47 60 27 11 72 8 20 63 44 
0 96 39 86 85 87 84 42 30 6 
54 3 75 88 89 92 91 93 24 69 
51 33 90 9 21 45 78 48 81 57 
50 94 95 17 5 66 2 14 36 12 
76 41 29 77 65 56 62 74 26 38 
16 25 37 49 61 70 64 52 40 28 

no swap
    31 43 4 10 7 1 34   
13 19 35 83 55 67 58 46 32 22 
73 79 15 23 71 59 68 80 18 82 
53 47 60 27 11 72 8 20 63 44 
0 96 39 86 85 87 84 42 30 6 
54 3 75 88 89 92 91 93 24 69 
51 33 90 9 21 45 78 48 81 57 
50 94 95 17 5 66 2 14 36 12 
76 41 29 77 65 56 62 74 26 38 
16 25 37 49 61 70 64 52 40 28 

swap
    31 43 4 10 7 1 34   
13 19 35 23 55 67 58 46 32 22 
73 79 15 83 71 59 68 80 18 82 
53 47 60 27 11 72 8 20 63 44 
0 96 39 86 85 87 84 42 30 6 
54 3 75 88 89 92 91 93 24 69 
51 33 90 9 21 45 78 48 81 57 
50 94 95 17 5 66 2 14 36 12 
76 41 29 77 65 56 62 74 26 38 
16 25 37 49 61 70 64 52 40 28 

swap
    31 43 4 10 7 1 34   
13 19 35 23 55 67 58 46 32 22 
73 79 15 27 71 59 68 80 18 82 
53 47 60 83 11 72 8 20 63 44 
0 96 39 86 85 87 84 42 30 6 
54 3 75 88 89 92 91 93 24 69 
51 33 90 9 21 45 78 48 81 57 
50 94 95 17 5 66 2 14 36 12 
76 41 29 77 65 56 62 74 26 38 
16 25 37 49 61 70 64 52 40 28 

swap
    31 43 4 10 7 1 34   
13 19 35 23 55 67 58 46 32 22 
73 79 15 27 71 59 68 80 18 82 
53 47 60 86 11 72 8 20 63 44 
0 96 39 83 85 87 84 42 30 6 
54 3 75 88 89 92 91 93 24 69 
51 33 90 9 21 45 78 48 81 57 
50 94 95 17 5 66 2 14 36 12 
76 41 29 77 65 56 62 74 26 38 
16 25 37 49 61 70 64 52 40 28 

swap
    31 43 4 10 7 1 34   
13 19 35 23 55 67 58 46 32 22 
73 79 15 27 71 59 68 80 18 82 
53 47 60 86 11 72 8 20 63 44 
0 96 39 88 85 87 84 42 30 6 
54 3 75 83 89 92 91 93 24 69 
51 33 90 9 21 45 78 48 81 57 
50 94 95 17 5 66 2 14 36 12 
76 41 29 77 65 56 62 74 26 38 
16 25 37 49 61 70 64 52 40 28 

swap
    31 43 4 10 7 1 34   
13 19 35 23 55 67 58 46 32 22 
73 79 15 27 71 59 68 80 18 82 
53 47 60 86 11 72 8 20 63 44 
0 96 39 88 85 87 84 42 30 6 
54 3 75 9 89 92 91 93 24 69 
51 33 90 83 21 45 78 48 81 57 
50 94 95 17 5 66 2 14 36 12 
76 41 29 77 65 56 62 74 26 38 
16 25 37 49 61 70 64 52 40 28 

swap
    31 43 4 10 7 1 34   
13 19 35 23 55 67 58 46 32 22 
73 79 15 27 71 59 68 80 18 82 
53 47 60 86 11 72 8 20 63 44 
0 96 39 88 85 87 84 42 30 6 
54 3 75 9 89 92 91 93 24 69 
51 33 90 21 83 45 78 48 81 57 
50 94 95 17 5 66 2 14 36 12 
76 41 29 77 65 56 62 74 26 38 
16 25 37 49 61 70 64 52 40 28 

swap
    31 43 4 10 7 1 34   
13 19 35 23 55 67 58 46 32 22 
73 79 15 27 71 59 68 80 18 82 
53 47 60 86 11 72 8 20 63 44 
0 96 39 88 85 87 84 42 30 6 
54 3 75 9 89 92 91 93 24 69 
51 33 90 21 45 83 78 48 81 57 
50 94 95 17 5 66 2 14 36 12 
76 41 29 77 65 56 62 74 26 38 
16 25 37 49 61 70 64 52 40 28 

swap
    31 43 4 10 7 1 34   
13 19 35 23 55 67 58 46 32 22 
73 79 15 27 71 59 68 80 18 82 
53 47 60 86 11 72 8 20 63 44 
0 96 39 88 85 87 84 42 30 6 
54 3 75 9 89 92 91 93 24 69 
51 33 90 21 45 78 83 48 81 57 
50 94 95 17 5 66 2 14 36 12 
76 41 29 77 65 56 62 74 26 38 
16 25 37 49 61 70 64 52 40 28 

swap
    31 43 4 10 7 1 34   
13 19 35 23 55 67 58 46 32 22 
73 79 15 27 71 59 68 80 18 82 
53 47 60 86 11 72 8 20 63 44 
0 96 39 88 85 87 84 42 30 6 
54 3 75 9 89 92 91 93 24 69 
51 33 90 21 45 78 48 83 81 57 
50 94 95 17 5 66 2 14 36 12 
76 41 29 77 65 56 62 74 26 38 
16 25 37 49 61 70 64 52 40 28 

swap
    31 43 4 10 7 1 34   
13 19 35 23 55 67 58 46 32 22 
73 79 15 27 71 59 68 80 18 44 
53 47 60 86 11 72 8 20 63 82 
0 96 39 88 85 87 84 42 30 6 
54 3 75 9 89 92 91 93 24 69 
51 33 90 21 45 78 48 83 81 57 
50 94 95 17 5 66 2 14 36 12 
76 41 29 77 65 56 62 74 26 38 
16 25 37 49 61 70 64 52 40 28 

swap
    31 43 4 10 7 1 34   
13 19 35 23 55 67 58 46 32 22 
73 79 15 27 71 59 68 80 18 44 
53 47 60 86 11 72 8 20 63 6 
0 96 39 88 85 87 84 42 30 82 
54 3 75 9 89 92 91 93 24 69 
51 33 90 21 45 78 48 83 81 57 
50 94 95 17 5 66 2 14 36 12 
76 41 29 77 65 56 62 74 26 38 
16 25 37 49 61 70 64 52 40 28 

swap
    31 43 4 10 7 1 34   
13 19 35 23 55 67 58 46 32 22 
73 79 15 27 71 59 68 80 18 44 
53 47 60 86 11 72 8 20 63 6 
0 96 39 88 85 87 84 42 30 69 
54 3 75 9 89 92 91 93 24 82 
51 33 90 21 45 78 48 83 81 57 
50 94 95 17 5 66 2 14 36 12 
76 41 29 77 65 56 62 74 26 38 
16 25 37 49 61 70 64 52 40 28 

swap
    31 43 4 10 7 1 34   
13 19 35 23 55 67 58 46 32 22 
73 79 15 27 71 59 68 80 18 44 
53 47 60 86 11 72 8 20 63 6 
0 96 39 88 85 87 84 42 30 69 
54 3 75 9 89 92 91 93 24 57 
51 33 90 21 45 78 48 83 81 82 
50 94 95 17 5 66 2 14 36 12 
76 41 29 77 65 56 62 74 26 38 
16 25 37 49 61 70 64 52 40 28 

swap
    31 43 4 10 7 1 34   
13 19 35 23 55 67 58 46 32 22 
73 79 15 27 71 59 68 80 18 44 
53 47 60 86 11 72 8 20 63 6 
0 96 39 88 85 87 91 42 30 69 
54 3 75 9 89 92 84 93 24 57 
51 33 90 21 45 78 48 83 81 82 
50 94 95 17 5 66 2 14 36 12 
76 41 29 77 65 56 62 74 26 38 
16 25 37 49 61 70 64 52 40 28 

swap
    31 43 4 10 7 1 34   
13 19 35 23 55 67 58 46 32 22 
73 79 15 27 71 59 68 80 18 44 
53 47 60 86 11 72 8 20 63 6 
0 96 39 88 85 87 91 42 30 69 
54 3 75 9 89 92 48 93 24 57 
51 33 90 21 45 78 84 83 81 82 
50 94 95 17 5 66 2 14 36 12 
76 41 29 77 65 56 62 74 26 38 
16 25 37 49 61 70 64 52 40 28 

swap
    31 43 4 10 7 1 34   
13 19 35 23 55 67 58 46 32 22 
73 79 15 27 71 59 68 80 18 44 
53 47 60 86 11 72 8 20 63 6 
0 96 39 88 85 87 91 42 30 69 
54 3 75 9 89 92 48 93 24 57 
51 33 90 21 45 78 83 84 81 82 
50 94 95 17 5 66 2 14 36 12 
76 41 29 77 65 56 62 74 26 38 
16 25 37 49 61 70 64 52 40 28 

swap
    31 43 4 10 7 1 34   
13 19 35 23 55 67 58 46 32 22 
73 79 15 27 71 59 68 80 18 44 
53 47 60 86 11 72 8 20 63 6 
0 96 39 88 85 87 91 42 30 69 
54 3 75 9 89 92 48 93 24 57 
51 33 90 21 45 78 84 83 81 82 
50 94 95 17 5 66 2 14 36 12 
76 41 29 77 65 56 62 74 26 38 
16 25 37 49 61 70 64 52 40 28 

swap
    31 43 4 10 7 1 34   
13 19 35 23 55 67 58 46 32 22 
73 79 15 27 71 59 68 80 18 44 
53 47 60 86 11 72 8 20 63 6 
0 96 39 88 85 87 91 42 30 69 
54 3 75 9 89 92 48 93 24 57 
51 33 90 21 45 78 84 81 83 82 
50 94 95 17 5 66 2 14 36 12 
76 41 29 77 65 56 62 74 26 38 
16 25 37 49 61 70 64 52 40 28 

swap
    31 43 4 10 7 1 34   
13 19 35 23 55 67 58 46 32 22 
73 79 15 27 71 59 68 80 18 44 
53 47 60 86 11 72 8 20 63 6 
0 96 39 88 85 87 91 42 30 69 
54 3 75 9 89 92 48 93 24 57 
51 33 90 21 45 78 84 81 82 83 
50 94 95 17 5 66 2 14 36 12 
76 41 29 77 65 56 62 74 26 38 
16 25 37 49 61 70 64 52 40 28 

swap
    31 43 4 10 7 1 34   
13 19 35 23 55 67 58 46 32 22 
73 79 15 27 71 59 68 80 18 44 
53 47 60 86 11 72 8 20 63 6 
0 96 39 88 85 87 91 42 30 69 
54 3 75 9 89 92 48 93 24 57 
51 33 90 21 45 78 84 82 81 83 
50 94 95 17 5 66 2 14 36 12 
76 41 29 77 65 56 62 74 26 38 
16 25 37 49 61 70 64 52 40 28 

swap
    31 43 4 10 7 1 34   
13 19 35 23 55 67 58 46 32 22 
73 79 15 27 71 59 68 80 18 44 
53 47 60 86 11 72 8 20 63 6 
0 96 39 88 85 87 91 42 30 69 
54 3 75 9 89 92 48 93 24 57 
51 33 90 21 45 78 82 84 81 83 
50 94 95 17 5 66 2 14 36 12 
76 41 29 77 65 56 62 74 26 38 
16 25 37 49 61 70 64 52 40 28 

swap
    31 43 4 10 7 1 34   
13 19 35 23 55 67 58 46 32 22 
73 79 15 27 71 59 68 20 18 44 
53 47 60 86 11 72 8 80 63 6 
0 96 39 88 85 87 91 42 30 69 
54 3 75 9 89 92 48 93 24 57 
51 33 90 21 45 78 82 84 81 83 
50 94 95 17 5 66 2 14 36 12 
76 41 29 77 65 56 62 74 26 38 
16 25 37 49 61 70 64 52 40 28 

swap
    31 43 4 10 7 1 34   
13 19 35 23 55 67 58 46 32 22 
73 79 15 27 71 59 68 20 18 44 
53 47 60 86 11 72 8 42 63 6 
0 96 39 88 85 87 91 80 30 69 
54 3 75 9 89 92 48 93 24 57 
51 33 90 21 45 78 82 84 81 83 
50 94 95 17 5 66 2 14 36 12 
76 41 29 77 65 56 62 74 26 38 
16 25 37 49 61 70 64 52 40 28 

swap
    31 43 4 10 7 1 34   
13 19 35 23 55 67 58 46 32 22 
73 79 15 27 71 59 68 20 18 44 
53 47 60 86 11 72 8 42 63 6 
0 96 39 88 85 87 91 93 30 69 
54 3 75 9 89 92 48 80 24 57 
51 33 90 21 45 78 82 84 81 83 
50 94 95 17 5 66 2 14 36 12 
76 41 29 77 65 56 62 74 26 38 
16 25 37 49 61 70 64 52 40 28 

swap
    31 43 4 10 7 1 34   
13 19 35 23 55 67 58 46 32 22 
73 79 15 27 71 59 68 20 18 44 
53 47 60 86 11 72 8 42 63 6 
0 96 39 88 85 87 91 93 30 69 
54 3 75 9 89 92 48 84 24 57 
51 33 90 21 45 78 82 80 81 83 
50 94 95 17 5 66 2 14 36 12 
76 41 29 77 65 56 62 74 26 38 
16 25 37 49 61 70 64 52 40 28 

swap
    31 43 4 10 7 1 34   
13 19 35 23 55 67 58 46 32 22 
73 79 15 27 71 59 68 20 18 44 
53 47 60 86 11 72 8 42 63 6 
0 96 39 88 85 87 91 93 30 69 
54 3 75 9 89 92 48 84 24 57 
51 33 90 21 45 78 80 82 81 83 
50 94 95 17 5 66 2 14 36 12 
76 41 29 77 65 56 62 74 26 38 
16 25 37 49 61 70 64 52 40 28 

swap
    31 43 4 10 7 1 34   
13 19 35 23 55 67 58 46 32 22 
73 47 15 27 71 59 68 20 18 44 
53 79 60 86 11 72 8 42 63 6 
0 96 39 88 85 87 91 93 30 69 
54 3 75 9 89 92 48 84 24 57 
51 33 90 21 45 78 80 82 81 83 
50 94 95 17 5 66 2 14 36 12 
76 41 29 77 65 56 62 74 26 38 
16 25 37 49 61 70 64 52 40 28 

swap
    31 43 4 10 7 1 34   
13 19 35 23 55 67 58 46 32 22 
73 47 15 27 71 59 68 20 18 44 
53 96 60 86 11 72 8 42 63 6 
0 79 39 88 85 87 91 93 30 69 
54 3 75 9 89 92 48 84 24 57 
51 33 90 21 45 78 80 82 81 83 
50 94 95 17 5 66 2 14 36 12 
76 41 29 77 65 56 62 74 26 38 
16 25 37 49 61 70 64 52 40 28 

swap
    31 43 4 10 7 1 34   
13 19 35 23 55 67 58 46 32 22 
73 47 15 27 71 59 68 20 18 44 
53 96 60 86 11 72 8 42 63 6 
0 3 39 88 85 87 91 93 30 69 
54 79 75 9 89 92 48 84 24 57 
51 33 90 21 45 78 80 82 81 83 
50 94 95 17 5 66 2 14 36 12 
76 41 29 77 65 56 62 74 26 38 
16 25 37 49 61 70 64 52 40 28 

swap
    31 43 4 10 7 1 34   
13 19 35 23 55 67 58 46 32 22 
73 47 15 27 71 59 68 20 18 44 
53 96 60 86 11 72 8 42 63 6 
0 3 39 88 85 87 91 93 30 69 
54 33 75 9 89 92 48 84 24 57 
51 79 90 21 45 78 80 82 81 83 
50 94 95 17 5 66 2 14 36 12 
76 41 29 77 65 56 62 74 26 38 
16 25 37 49 61 70 64 52 40 28 

swap
    31 43 4 10 7 1 34   
13 19 35 23 55 67 58 46 32 22 
73 47 15 27 71 59 68 20 18 44 
53 96 60 86 11 72 8 42 63 6 
0 3 39 88 85 87 91 93 30 69 
54 33 75 9 89 92 48 84 24 57 
51 90 79 21 45 78 80 82 81 83 
50 94 95 17 5 66 2 14 36 12 
76 41 29 77 65 56 62 74 26 38 
16 25 37 49 61 70 64 52 40 28 

swap
    31 43 4 10 7 1 34   
13 19 35 23 55 67 58 46 32 22 
73 47 15 27 71 59 68 20 18 44 
53 96 60 86 11 72 8 42 63 6 
0 3 39 88 85 87 91 93 30 69 
54 33 75 9 89 92 48 84 24 57 
51 90 21 79 45 78 80 82 81 83 
50 94 95 17 5 66 2 14 36 12 
76 41 29 77 65 56 62 74 26 38 
16 25 37 49 61 70 64 52 40 28 

swap
    31 43 4 10 7 1 34   
13 19 35 23 55 67 58 46 32 22 
73 47 15 27 71 59 68 20 18 44 
53 96 60 86 11 72 8 42 63 6 
0 3 39 88 85 87 91 93 30 69 
54 33 75 9 89 92 48 84 24 57 
51 90 21 45 79 78 80 82 81 83 
50 94 95 17 5 66 2 14 36 12 
76 41 29 77 65 56 62 74 26 38 
16 25 37 49 61 70 64 52 40 28 

swap
    31 43 4 10 7 1 34   
13 19 35 23 55 67 58 46 32 22 
73 47 15 27 71 59 68 20 18 44 
53 96 60 86 11 72 8 42 63 6 
0 3 39 88 85 87 91 93 30 69 
54 33 75 9 89 92 48 84 24 57 
51 90 21 45 79 78 80 81 82 83 
50 94 95 17 5 66 2 14 36 12 
76 41 29 77 65 56 62 74 26 38 
16 25 37 49 61 70 64 52 40 28 

swap
    31 43 4 10 7 1 34   
13 19 35 23 55 67 58 46 32 22 
73 47 15 27 71 59 68 20 18 44 
53 96 60 86 11 72 8 42 63 6 
0 3 39 88 85 87 91 93 30 69 
54 33 75 9 89 92 48 84 24 57 
51 90 21 45 79 78 81 80 82 83 
50 94 95 17 5 66 2 14 36 12 
76 41 29 77 65 56 62 74 26 38 
16 25 37 49 61 70 64 52 40 28 

swap
    31 43 4 10 7 1 34   
13 19 35 23 55 67 58 46 32 22 
73 47 15 27 71 59 68 20 18 44 
53 96 60 86 11 72 8 42 63 6 
0 3 39 88 85 87 91 93 30 69 
54 33 75 9 89 92 48 84 24 57 
51 90 21 45 79 78 80 81 82 83 
50 94 95 17 5 66 2 14 36 12 
76 41 29 77 65 56 62 74 26 38 
16 25 37 49 61 70 64 52 40 28 

swap
    31 43 4 10 7 1 34   
13 19 35 23 55 67 58 46 32 22 
73 47 15 27 71 59 68 20 18 44 
53 96 60 86 11 72 8 42 63 6 
0 3 39 88 85 87 91 93 30 69 
54 33 75 9 89 92 48 84 24 57 
51 90 21 45 79 80 78 81 82 83 
50 94 95 17 5 66 2 14 36 12 
76 41 29 77 65 56 62 74 26 38 
16 25 37 49 61 70 64 52 40 28 

swap
    31 43 4 10 7 1 34   
13 19 35 23 55 67 58 46 32 22 
73 47 15 27 71 59 68 20 18 44 
53 96 60 86 11 72 8 42 63 6 
0 3 39 88 85 87 91 93 30 69 
54 33 75 9 89 92 48 84 24 57 
51 90 21 45 80 79 78 81 82 83 
50 94 95 17 5 66 2 14 36 12 
76 41 29 77 65 56 62 74 26 38 
16 25 37 49 61 70 64 52 40 28 

swap
    31 43 4 10 7 1 34   
13 19 35 23 55 67 58 46 32 22 
73 47 15 27 71 59 68 20 18 44 
53 96 60 86 11 72 8 42 63 6 
0 3 39 88 85 87 91 93 30 69 
54 33 75 9 89 92 48 84 24 57 
51 90 21 45 80 78 79 81 82 83 
50 94 95 17 5 66 2 14 36 12 
76 41 29 77 65 56 62 74 26 38 
