    190 192 4 10 16 22 19 13 7 1 191   
25 31 43 55 67 79 91 103 94 82 70 58 46 34 
109 115 127 139 151 163 175 187 178 166 154 142 130 118 
185 179 167 155 143 131 119 107 116 128 140 152 164 176 
101 95 83 71 59 47 35 23 32 44 56 68 80 92 
17 11 0 9 21 33 45 168 48 36 24 12 189 8 
57 63 75 87 99 111 123 180 126 114 102 90 78 66 
135 138 144 150 156 171 183 186 177 165 159 153 147 141 
60 69 81 93 105 117 129 174 132 120 108 96 84 72 
14 5 3 15 27 39 51 162 54 42 30 18 6 2 
98 89 77 65 53 41 29 20 26 38 50 62 74 86 
182 173 161 149 137 125 113 104 110 122 134 146 158 170 
112 121 133 145 157 169 181 188 184 172 160 148 136 124 
28 37 49 61 73 85 97 106 100 88 76 64 52 40 

swap
    190 55 4 10 16 22 19 13 7 1 191   
25 31 43 192 67 79 91 103 94 82 70 58 46 34 
109 115 127 139 151 163 175 187 178 166 154 142 130 118 
185 179 167 155 143 131 119 107 116 128 140 152 164 176 
101 95 83 71 59 47 35 23 32 44 56 68 80 92 
17 11 0 9 21 33 45 168 48 36 24 12 189 8 
57 63 75 87 99 111 123 180 126 114 102 90 78 66 
135 138 144 150 156 171 183 186 177 165 159 153 147 141 
60 69 81 93 105 117 129 174 132 120 108 96 84 72 
14 5 3 15 27 39 51 162 54 42 30 18 6 2 
98 89 77 65 53 41 29 20 26 38 50 62 74 86 
182 173 161 149 137 125 113 104 110 122 134 146 158 170 
112 121 133 145 157 169 181 188 184 172 160 148 136 124 
28 37 49 61 73 85 97 106 100 88 76 64 52 40 

swap
    190 55 4 10 16 22 19 13 7 1 191   
25 31 43 139 67 79 91 103 94 82 70 58 46 34 
109 115 127 192 151 163 175 187 178 166 154 142 130 118 
185 179 167 155 143 131 119 107 116 128 140 152 164 176 
101 95 83 71 59 47 35 23 32 44 56 68 80 92 
17 11 0 9 21 33 45 168 48 36 24 12 189 8 
57 63 75 87 99 111 123 180 126 114 102 90 78 66 
135 138 144 150 156 171 183 186 177 165 159 153 147 141 
60 69 81 93 105 117 129 174 132 120 108 96 84 72 
14 5 3 15 27 39 51 162 54 42 30 18 6 2 
98 89 77 65 53 41 29 20 26 38 50 62 74 86 
182 173 161 149 137 125 113 104 110 122 134 146 158 170 
112 121 133 145 157 169 181 188 184 172 160 148 136 124 
28 37 49 61 73 85 97 106 100 88 76 64 52 40 

swap
    190 55 4 10 16 22 19 13 7 1 191   
25 31 43 139 67 79 91 103 94 82 70 58 46 34 
109 115 127 155 151 163 175 187 178 166 154 142 130 118 
185 179 167 192 143 131 119 107 116 128 140 152 164 176 
101 95 83 71 59 47 35 23 32 44 56 68 80 92 
17 11 0 9 21 33 45 168 48 36 24 12 189 8 
57 63 75 87 99 111 123 180 126 114 102 90 78 66 
135 138 144 150 156 171 183 186 177 165 159 153 147 141 
60 69 81 93 105 117 129 174 132 120 108 96 84 72 
14 5 3 15 27 39 51 162 54 42 30 18 6 2 
98 89 77 65 53 41 29 20 26 38 50 62 74 86 
182 173 161 149 137 125 113 104 110 122 134 146 158 170 
112 121 133 145 157 169 181 188 184 172 160 148 136 124 
28 37 49 61 73 85 97 106 100 88 76 64 52 40 

swap
    190 55 4 10 16 22 19 13 7 1 191   
25 31 43 139 67 79 91 103 94 82 70 58 46 34 
109 115 127 155 151 163 175 187 178 166 154 142 130 118 
185 179 167 71 143 131 119 107 116 128 140 152 164 176 
101 95 83 192 59 47 35 23 32 44 56 68 80 92 
17 11 0 9 21 33 45 168 48 36 24 12 189 8 
57 63 75 87 99 111 123 180 126 114 102 90 78 66 
135 138 144 150 156 171 183 186 177 165 159 153 147 141 
60 69 81 93 105 117 129 174 132 120 108 96 84 72 
14 5 3 15 27 39 51 162 54 42 30 18 6 2 
98 89 77 65 53 41 29 20 26 38 50 62 74 86 
182 173 161 149 137 125 113 104 110 122 134 146 158 170 
112 121 133 145 157 169 181 188 184 172 160 148 136 124 
28 37 49 61 73 85 97 106 100 88 76 64 52 40 

swap
    190 55 4 10 16 22 19 13 7 1 191   
25 31 43 139 67 79 91 103 94 82 70 58 46 34 
109 115 127 155 151 163 175 187 178 166 154 142 130 118 
185 179 167 71 143 131 119 107 116 128 140 152 164 176 
101 95 83 9 59 47 35 23 32 44 56 68 80 92 
17 11 0 192 21 33 45 168 48 36 24 12 189 8 
57 63 75 87 99 111 123 180 126 114 102 90 78 66 
135 138 144 150 156 171 183 186 177 165 159 153 147 141 
60 69 81 93 105 117 129 174 132 120 108 96 84 72 
14 5 3 15 27 39 51 162 54 42 30 18 6 2 
98 89 77 65 53 41 29 20 26 38 50 62 74 86 
182 173 161 149 137 125 113 104 110 122 134 146 158 170 
112 121 133 145 157 169 181 188 184 172 160 148 136 124 
28 37 49 61 73 85 97 106 100 88 76 64 52 40 

swap
    190 55 4 10 16 22 19 13 7 1 191   
25 31 43 139 67 79 91 103 94 82 70 58 46 34 
109 115 127 155 151 163 175 187 178 166 154 142 130 118 
185 179 167 71 143 131 119 107 116 128 140 152 164 176 
101 95 83 9 59 47 35 23 32 44 56 68 80 92 
17 11 0 21 192 33 45 168 48 36 24 12 189 8 
57 63 75 87 99 111 123 180 126 114 102 90 78 66 
135 138 144 150 156 171 183 186 177 165 159 153 147 141 
60 69 81 93 105 117 129 174 132 120 108 96 84 72 
14 5 3 15 27 39 51 162 54 42 30 18 6 2 
98 89 77 65 53 41 29 20 26 38 50 62 74 86 
182 173 161 149 137 125 113 104 110 122 134 146 158 170 
112 121 133 145 157 169 181 188 184 172 160 148 136 124 
28 37 49 61 73 85 97 106 100 88 76 64 52 40 

swap
    190 55 4 10 16 22 19 13 7 1 191   
25 31 43 139 67 79 91 103 94 82 70 58 46 34 
109 115 127 155 151 163 175 187 178 166 154 142 130 118 
185 179 167 71 143 131 119 107 116 128 140 152 164 176 
101 95 83 9 59 47 35 23 32 44 56 68 80 92 
17 11 0 21 33 192 45 168 48 36 24 12 189 8 
57 63 75 87 99 111 123 180 126 114 102 90 78 66 
135 138 144 150 156 171 183 186 177 165 159 153 147 141 
60 69 81 93 105 117 129 174 132 120 108 96 84 72 
14 5 3 15 27 39 51 162 54 42 30 18 6 2 
98 89 77 65 53 41 29 20 26 38 50 62 74 86 
182 173 161 149 137 125 113 104 110 122 134 146 158 170 
112 121 133 145 157 169 181 188 184 172 160 148 136 124 
28 37 49 61 73 85 97 106 100 88 76 64 52 40 

swap
    190 55 4 10 16 22 19 13 7 1 191   
25 31 43 139 67 79 91 103 94 82 70 58 46 34 
109 115 127 155 151 163 175 187 178 166 154 142 130 118 
185 179 167 71 143 131 119 107 116 128 140 152 164 176 
101 95 83 9 59 47 35 23 32 44 56 68 80 92 
17 11 0 21 33 45 192 168 48 36 24 12 189 8 
57 63 75 87 99 111 123 180 126 114 102 90 78 66 
135 138 144 150 156 171 183 186 177 165 159 153 147 141 
60 69 81 93 105 117 129 174 132 120 108 96 84 72 
14 5 3 15 27 39 51 162 54 42 30 18 6 2 
98 89 77 65 53 41 29 20 26 38 50 62 74 86 
182 173 161 149 137 125 113 104 110 122 134 146 158 170 
112 121 133 145 157 169 181 188 184 172 160 148 136 124 
28 37 49 61 73 85 97 106 100 88 76 64 52 40 

swap
    190 55 4 10 16 22 19 13 7 1 191   
25 31 43 139 67 79 91 103 94 82 70 58 46 34 
109 115 127 155 151 163 175 187 178 166 154 142 130 118 
185 179 167 71 143 131 119 107 116 128 140 152 164 176 
101 95 83 9 59 47 35 23 32 44 56 68 80 92 
17 11 0 21 33 45 168 192 48 36 24 12 189 8 
57 63 75 87 99 111 123 180 126 114 102 90 78 66 
135 138 144 150 156 171 183 186 177 165 159 153 147 141 
60 69 81 93 105 117 129 174 132 120 108 96 84 72 
14 5 3 15 27 39 51 162 54 42 30 18 6 2 
98 89 77 65 53 41 29 20 26 38 50 62 74 86 
182 173 161 149 137 125 113 104 110 122 134 146 158 170 
112 121 133 145 157 169 181 188 184 172 160 148 136 124 
28 37 49 61 73 85 97 106 100 88 76 64 52 40 

swap
    190 55 4 10 16 22 19 13 7 1 191   
25 31 43 139 67 79 91 103 94 82 70 58 46 34 
109 115 127 155 151 163 175 187 178 166 154 142 130 118 
185 179 167 71 143 131 119 107 116 128 140 152 164 176 
101 95 83 9 59 47 35 23 32 44 56 68 80 92 
17 11 0 21 33 45 168 48 192 36 24 12 189 8 
57 63 75 87 99 111 123 180 126 114 102 90 78 66 
135 138 144 150 156 171 183 186 177 165 159 153 147 141 
60 69 81 93 105 117 129 174 132 120 108 96 84 72 
14 5 3 15 27 39 51 162 54 42 30 18 6 2 
98 89 77 65 53 41 29 20 26 38 50 62 74 86 
182 173 161 149 137 125 113 104 110 122 134 146 158 170 
112 121 133 145 157 169 181 188 184 172 160 148 136 124 
28 37 49 61 73 85 97 106 100 88 76 64 52 40 

swap
    190 55 4 10 16 22 19 13 7 1 191   
25 31 43 139 67 79 91 103 94 82 70 58 46 34 
109 115 127 155 151 163 175 187 178 166 154 142 130 118 
185 179 167 71 143 131 119 107 116 128 140 152 164 176 
101 95 83 9 59 47 35 23 32 44 56 68 80 92 
17 11 0 21 33 45 168 48 36 192 24 12 189 8 
57 63 75 87 99 111 123 180 126 114 102 90 78 66 
135 138 144 150 156 171 183 186 177 165 159 153 147 141 
60 69 81 93 105 117 129 174 132 120 108 96 84 72 
14 5 3 15 27 39 51 162 54 42 30 18 6 2 
98 89 77 65 53 41 29 20 26 38 50 62 74 86 
182 173 161 149 137 125 113 104 110 122 134 146 158 170 
112 121 133 145 157 169 181 188 184 172 160 148 136 124 
28 37 49 61 73 85 97 106 100 88 76 64 52 40 

swap
    190 55 4 10 16 22 19 13 7 1 191   
25 31 43 139 67 79 91 103 94 82 70 58 46 34 
109 115 127 155 151 163 175 187 178 166 154 142 130 118 
185 179 167 71 143 131 119 107 116 128 140 152 164 176 
101 95 83 9 59 47 35 23 32 44 56 68 80 92 
17 11 0 21 33 45 168 48 36 24 192 12 189 8 
57 63 75 87 99 111 123 180 126 114 102 90 78 66 
135 138 144 150 156 171 183 186 177 165 159 153 147 141 
60 69 81 93 105 117 129 174 132 120 108 96 84 72 
14 5 3 15 27 39 51 162 54 42 30 18 6 2 
98 89 77 65 53 41 29 20 26 38 50 62 74 86 
182 173 161 149 137 125 113 104 110 122 134 146 158 170 
112 121 133 145 157 169 181 188 184 172 160 148 136 124 
28 37 49 61 73 85 97 106 100 88 76 64 52 40 

swap
    190 55 4 10 16 22 19 13 7 1 191   
25 31 43 139 67 79 91 103 94 82 70 58 46 34 
109 115 127 155 151 163 175 187 178 166 154 142 130 118 
185 179 167 71 143 131 119 107 116 128 140 152 164 176 
101 95 83 9 59 47 35 23 32 44 56 68 80 92 
17 11 0 21 33 45 168 48 36 24 12 192 189 8 
57 63 75 87 99 111 123 180 126 114 102 90 78 66 
135 138 144 150 156 171 183 186 177 165 159 153 147 141 
60 69 81 93 105 117 129 174 132 120 108 96 84 72 
14 5 3 15 27 39 51 162 54 42 30 18 6 2 
98 89 77 65 53 41 29 20 26 38 50 62 74 86 
182 173 161 149 137 125 113 104 110 122 134 146 158 170 
112 121 133 145 157 169 181 188 184 172 160 148 136 124 
28 37 49 61 73 85 97 106 100 88 76 64 52 40 

swap
    190 55 4 10 16 22 19 13 7 1 46   
25 31 43 139 67 79 91 103 94 82 70 58 191 34 
109 115 127 155 151 163 175 187 178 166 154 142 130 118 
185 179 167 71 143 131 119 107 116 128 140 152 164 176 
101 95 83 9 59 47 35 23 32 44 56 68 80 92 
17 11 0 21 33 45 168 48 36 24 12 192 189 8 
57 63 75 87 99 111 123 180 126 114 102 90 78 66 
135 138 144 150 156 171 183 186 177 165 159 153 147 141 
60 69 81 93 105 117 129 174 132 120 108 96 84 72 
14 5 3 15 27 39 51 162 54 42 30 18 6 2 
98 89 77 65 53 41 29 20 26 38 50 62 74 86 
182 173 161 149 137 125 113 104 110 122 134 146 158 170 
112 121 133 145 157 169 181 188 184 172 160 148 136 124 
28 37 49 61 73 85 97 106 100 88 76 64 52 40 

swap
    190 55 4 10 16 22 19 13 7 1 46   
25 31 43 139 67 79 91 103 94 82 70 58 130 34 
109 115 127 155 151 163 175 187 178 166 154 142 191 118 
185 179 167 71 143 131 119 107 116 128 140 152 164 176 
101 95 83 9 59 47 35 23 32 44 56 68 80 92 
17 11 0 21 33 45 168 48 36 24 12 192 189 8 
57 63 75 87 99 111 123 180 126 114 102 90 78 66 
135 138 144 150 156 171 183 186 177 165 159 153 147 141 
60 69 81 93 105 117 129 174 132 120 108 96 84 72 
14 5 3 15 27 39 51 162 54 42 30 18 6 2 
98 89 77 65 53 41 29 20 26 38 50 62 74 86 
182 173 161 149 137 125 113 104 110 122 134 146 158 170 
112 121 133 145 157 169 181 188 184 172 160 148 136 124 
28 37 49 61 73 85 97 106 100 88 76 64 52 40 

swap
    190 55 4 10 16 22 19 13 7 1 46   
25 31 43 139 67 79 91 103 94 82 70 58 130 34 
109 115 127 155 151 163 175 187 178 166 154 142 164 118 
185 179 167 71 143 131 119 107 116 128 140 152 191 176 
101 95 83 9 59 47 35 23 32 44 56 68 80 92 
17 11 0 21 33 45 168 48 36 24 12 192 189 8 
57 63 75 87 99 111 123 180 126 114 102 90 78 66 
135 138 144 150 156 171 183 186 177 165 159 153 147 141 
60 69 81 93 105 117 129 174 132 120 108 96 84 72 
14 5 3 15 27 39 51 162 54 42 30 18 6 2 
98 89 77 65 53 41 29 20 26 38 50 62 74 86 
182 173 161 149 137 125 113 104 110 122 134 146 158 170 
112 121 133 145 157 169 181 188 184 172 160 148 136 124 
28 37 49 61 73 85 97 106 100 88 76 64 52 40 

swap
    190 55 4 10 16 22 19 13 7 1 46   
25 31 43 139 67 79 91 103 94 82 70 58 130 34 
109 115 127 155 151 163 175 187 178 166 154 142 164 118 
185 179 167 71 143 131 119 107 116 128 140 152 80 176 
101 95 83 9 59 47 35 23 32 44 56 68 191 92 
17 11 0 21 33 45 168 48 36 24 12 192 189 8 
57 63 75 87 99 111 123 180 126 114 102 90 78 66 
135 138 144 150 156 171 183 186 177 165 159 153 147 141 
60 69 81 93 105 117 129 174 132 120 108 96 84 72 
14 5 3 15 27 39 51 162 54 42 30 18 6 2 
98 89 77 65 53 41 29 20 26 38 50 62 74 86 
182 173 161 149 137 125 113 104 110 122 134 146 158 170 
112 121 133 145 157 169 181 188 184 172 160 148 136 124 
28 37 49 61 73 85 97 106 100 88 76 64 52 40 

swap
    43 55 4 10 16 22 19 13 7 1 46   
25 31 190 139 67 79 91 103 94 82 70 58 130 34 
109 115 127 155 151 163 175 187 178 166 154 142 164 118 
185 179 167 71 143 131 119 107 116 128 140 152 80 176 
101 95 83 9 59 47 35 23 32 44 56 68 191 92 
17 11 0 21 33 45 168 48 36 24 12 192 189 8 
57 63 75 87 99 111 123 180 126 114 102 90 78 66 
135 138 144 150 156 171 183 186 177 165 159 153 147 141 
60 69 81 93 105 117 129 174 132 120 108 96 84 72 
14 5 3 15 27 39 51 162 54 42 30 18 6 2 
98 89 77 65 53 41 29 20 26 38 50 62 74 86 
182 173 161 149 137 125 113 104 110 122 134 146 158 170 
112 121 133 145 157 169 181 188 184 172 160 148 136 124 
28 37 49 61 73 85 97 106 100 88 76 64 52 40 

swap
    43 55 4 10 16 22 19 13 7 1 46   
25 31 127 139 67 79 91 103 94 82 70 58 130 34 
109 115 190 155 151 163 175 187 178 166 154 142 164 118 
185 179 167 71 143 131 119 107 116 128 140 152 80 176 
101 95 83 9 59 47 35 23 32 44 56 68 191 92 
17 11 0 21 33 45 168 48 36 24 12 192 189 8 
57 63 75 87 99 111 123 180 126 114 102 90 78 66 
135 138 144 150 156 171 183 186 177 165 159 153 147 141 
60 69 81 93 105 117 129 174 132 120 108 96 84 72 
14 5 3 15 27 39 51 162 54 42 30 18 6 2 
98 89 77 65 53 41 29 20 26 38 50 62 74 86 
182 173 161 149 137 125 113 104 110 122 134 146 158 170 
112 121 133 145 157 169 181 188 184 172 160 148 136 124 
28 37 49 61 73 85 97 106 100 88 76 64 52 40 

swap
    43 55 4 10 16 22 19 13 7 1 46   
25 31 127 139 67 79 91 103 94 82 70 58 130 34 
109 115 167 155 151 163 175 187 178 166 154 142 164 118 
185 179 190 71 143 131 119 107 116 128 140 152 80 176 
101 95 83 9 59 47 35 23 32 44 56 68 191 92 
17 11 0 21 33 45 168 48 36 24 12 192 189 8 
57 63 75 87 99 111 123 180 126 114 102 90 78 66 
135 138 144 150 156 171 183 186 177 165 159 153 147 141 
60 69 81 93 105 117 129 174 132 120 108 96 84 72 
14 5 3 15 27 39 51 162 54 42 30 18 6 2 
98 89 77 65 53 41 29 20 26 38 50 62 74 86 
182 173 161 149 137 125 113 104 110 122 134 146 158 170 
112 121 133 145 157 169 181 188 184 172 160 148 136 124 
28 37 49 61 73 85 97 106 100 88 76 64 52 40 

swap
    43 55 4 10 16 22 19 13 7 1 46   
25 31 127 139 67 79 91 103 94 82 70 58 130 34 
109 115 167 155 151 163 175 187 178 166 154 142 164 118 
185 179 83 71 143 131 119 107 116 128 140 152 80 176 
101 95 190 9 59 47 35 23 32 44 56 68 191 92 
17 11 0 21 33 45 168 48 36 24 12 192 189 8 
57 63 75 87 99 111 123 180 126 114 102 90 78 66 
135 138 144 150 156 171 183 186 177 165 159 153 147 141 
60 69 81 93 105 117 129 174 132 120 108 96 84 72 
14 5 3 15 27 39 51 162 54 42 30 18 6 2 
98 89 77 65 53 41 29 20 26 38 50 62 74 86 
182 173 161 149 137 125 113 104 110 122 134 146 158 170 
112 121 133 145 157 169 181 188 184 172 160 148 136 124 
28 37 49 61 73 85 97 106 100 88 76 64 52 40 

swap
    43 55 4 10 16 22 19 13 7 1 46   
25 31 127 139 67 79 91 103 94 82 70 58 130 34 
109 115 167 155 151 163 175 187 178 166 154 142 164 118 
185 179 83 71 143 131 119 107 116 128 140 152 80 176 
101 95 0 9 59 47 35 23 32 44 56 68 191 92 
17 11 190 21 33 45 168 48 36 24 12 192 189 8 
57 63 75 87 99 111 123 180 126 114 102 90 78 66 
135 138 144 150 156 171 183 186 177 165 159 153 147 141 
60 69 81 93 105 117 129 174 132 120 108 96 84 72 
14 5 3 15 27 39 51 162 54 42 30 18 6 2 
98 89 77 65 53 41 29 20 26 38 50 62 74 86 
182 173 161 149 137 125 113 104 110 122 134 146 158 170 
112 121 133 145 157 169 181 188 184 172 160 148 136 124 
28 37 49 61 73 85 97 106 100 88 76 64 52 40 

swap
    43 55 4 10 16 22 19 13 7 1 46   
25 31 127 139 67 79 91 103 94 82 70 58 130 34 
109 115 167 155 151 163 175 187 178 166 154 142 164 118 
185 179 83 71 143 131 119 107 116 128 140 152 80 176 
101 95 0 9 59 47 35 23 32 44 56 68 191 92 
17 11 21 190 33 45 168 48 36 24 12 192 189 8 
57 63 75 87 99 111 123 180 126 114 102 90 78 66 
135 138 144 150 156 171 183 186 177 165 159 153 147 141 
60 69 81 93 105 117 129 174 132 120 108 96 84 72 
14 5 3 15 27 39 51 162 54 42 30 18 6 2 
98 89 77 65 53 41 29 20 26 38 50 62 74 86 
182 173 161 149 137 125 113 104 110 122 134 146 158 170 
112 121 133 145 157 169 181 188 184 172 160 148 136 124 
28 37 49 61 73 85 97 106 100 88 76 64 52 40 

swap
    43 55 4 10 16 22 19 13 7 1 46   
25 31 127 139 67 79 91 103 94 82 70 58 130 34 
109 115 167 155 151 163 175 187 178 166 154 142 164 118 
185 179 83 71 143 131 119 107 116 128 140 152 80 176 
101 95 0 9 59 47 35 23 32 44 56 68 191 92 
17 11 21 33 190 45 168 48 36 24 12 192 189 8 
57 63 75 87 99 111 123 180 126 114 102 90 78 66 
135 138 144 150 156 171 183 186 177 165 159 153 147 141 
60 69 81 93 105 117 129 174 132 120 108 96 84 72 
14 5 3 15 27 39 51 162 54 42 30 18 6 2 
98 89 77 65 53 41 29 20 26 38 50 62 74 86 
182 173 161 149 137 125 113 104 110 122 134 146 158 170 
112 121 133 145 157 169 181 188 184 172 160 148 136 124 
28 37 49 61 73 85 97 106 100 88 76 64 52 40 

swap
    43 55 4 10 16 22 19 13 7 1 46   
25 31 127 139 67 79 91 103 94 82 70 58 130 34 
109 115 167 155 151 163 175 187 178 166 154 142 164 118 
185 179 83 71 143 131 119 107 116 128 140 152 80 176 
101 95 0 9 59 47 35 23 32 44 56 68 191 92 
17 11 21 33 45 190 168 48 36 24 12 192 189 8 
57 63 75 87 99 111 123 180 126 114 102 90 78 66 
135 138 144 150 156 171 183 186 177 165 159 153 147 141 
60 69 81 93 105 117 129 174 132 120 108 96 84 72 
14 5 3 15 27 39 51 162 54 42 30 18 6 2 
98 89 77 65 53 41 29 20 26 38 50 62 74 86 
182 173 161 149 137 125 113 104 110 122 134 146 158 170 
112 121 133 145 157 169 181 188 184 172 160 148 136 124 
28 37 49 61 73 85 97 106 100 88 76 64 52 40 

swap
    43 55 4 10 16 22 19 13 7 1 46   
25 31 127 139 67 79 91 103 94 82 70 58 130 34 
109 115 167 155 151 163 175 187 178 166 154 142 164 118 
185 179 83 71 143 131 119 107 116 128 140 152 80 176 
101 95 0 9 59 47 35 23 32 44 56 68 191 92 
17 11 21 33 45 168 190 48 36 24 12 192 189 8 
57 63 75 87 99 111 123 180 126 114 102 90 78 66 
135 138 144 150 156 171 183 186 177 165 159 153 147 141 
60 69 81 93 105 117 129 174 132 120 108 96 84 72 
14 5 3 15 27 39 51 162 54 42 30 18 6 2 
98 89 77 65 53 41 29 20 26 38 50 62 74 86 
182 173 161 149 137 125 113 104 110 122 134 146 158 170 
112 121 133 145 157 169 181 188 184 172 160 148 136 124 
28 37 49 61 73 85 97 106 100 88 76 64 52 40 

swap
    43 55 4 10 16 22 19 13 7 1 46   
25 31 127 139 67 79 91 103 94 82 70 58 130 34 
109 115 167 155 151 163 175 187 178 166 154 142 164 118 
185 179 83 71 143 131 119 107 116 128 140 152 80 176 
101 95 0 9 59 47 35 23 32 44 56 68 191 92 
17 11 21 33 45 168 48 190 36 24 12 192 189 8 
57 63 75 87 99 111 123 180 126 114 102 90 78 66 
135 138 144 150 156 171 183 186 177 165 159 153 147 141 
60 69 81 93 105 117 129 174 132 120 108 96 84 72 
14 5 3 15 27 39 51 162 54 42 30 18 6 2 
98 89 77 65 53 41 29 20 26 38 50 62 74 86 
182 173 161 149 137 125 113 104 110 122 134 146 158 170 
112 121 133 145 157 169 181 188 184 172 160 148 136 124 
28 37 49 61 73 85 97 106 100 88 76 64 52 40 

swap
    43 55 4 10 16 22 19 13 7 1 46   
25 31 127 139 67 79 91 103 94 82 70 58 130 34 
109 115 167 155 151 163 175 187 178 166 154 142 164 118 
185 179 83 71 143 131 119 107 116 128 140 152 80 176 
101 95 0 9 59 47 35 23 32 44 56 68 191 92 
17 11 21 33 45 168 48 36 190 24 12 192 189 8 
57 63 75 87 99 111 123 180 126 114 102 90 78 66 
135 138 144 150 156 171 183 186 177 165 159 153 147 141 
60 69 81 93 105 117 129 174 132 120 108 96 84 72 
14 5 3 15 27 39 51 162 54 42 30 18 6 2 
98 89 77 65 53 41 29 20 26 38 50 62 74 86 
182 173 161 149 137 125 113 104 110 122 134 146 158 170 
112 121 133 145 157 169 181 188 184 172 160 148 136 124 
28 37 49 61 73 85 97 106 100 88 76 64 52 40 

swap
    43 55 4 10 16 22 19 13 7 1 46   
25 31 127 139 67 79 91 103 94 82 70 58 130 34 
109 115 167 155 151 163 175 187 178 166 154 142 164 118 
185 179 83 71 143 131 119 107 116 128 140 152 80 176 
101 95 0 9 59 47 35 23 32 44 56 68 191 92 
17 11 21 33 45 168 48 36 24 190 12 192 189 8 
57 63 75 87 99 111 123 180 126 114 102 90 78 66 
135 138 144 150 156 171 183 186 177 165 159 153 147 141 
60 69 81 93 105 117 129 174 132 120 108 96 84 72 
14 5 3 15 27 39 51 162 54 42 30 18 6 2 
98 89 77 65 53 41 29 20 26 38 50 62 74 86 
182 173 161 149 137 125 113 104 110 122 134 146 158 170 
112 121 133 145 157 169 181 188 184 172 160 148 136 124 
28 37 49 61 73 85 97 106 100 88 76 64 52 40 

swap
    43 55 4 10 16 22 19 13 7 1 46   
25 31 127 139 67 79 91 103 94 82 70 58 130 34 
109 115 167 155 151 163 175 187 178 166 154 142 164 118 
185 179 83 71 143 131 119 107 116 128 140 152 80 176 
101 95 0 9 59 47 35 23 32 44 56 68 191 92 
17 11 21 33 45 168 48 36 24 12 190 192 189 8 
57 63 75 87 99 111 123 180 126 114 102 90 78 66 
135 138 144 150 156 171 183 186 177 165 159 153 147 141 
60 69 81 93 105 117 129 174 132 120 108 96 84 72 
14 5 3 15 27 39 51 162 54 42 30 18 6 2 
98 89 77 65 53 41 29 20 26 38 50 62 74 86 
182 173 161 149 137 125 113 104 110 122 134 146 158 170 
112 121 133 145 157 169 181 188 184 172 160 148 136 124 
28 37 49 61 73 85 97 106 100 88 76 64 52 40 

swap
    43 55 4 10 16 22 19 13 7 1 46   
25 31 127 139 67 79 91 103 94 82 70 58 130 34 
109 115 167 155 151 163 175 187 178 166 154 142 164 118 
185 179 83 71 143 131 119 107 116 128 140 152 80 176 
101 95 0 9 59 47 35 23 32 44 56 68 191 92 
17 11 21 33 45 168 48 36 24 12 192 190 189 8 
57 63 75 87 99 111 123 180 126 114 102 90 78 66 
135 138 144 150 156 171 183 186 177 165 159 153 147 141 
60 69 81 93 105 117 129 174 132 120 108 96 84 72 
14 5 3 15 27 39 51 162 54 42 30 18 6 2 
98 89 77 65 53 41 29 20 26 38 50 62 74 86 
182 173 161 149 137 125 113 104 110 122 134 146 158 170 
112 121 133 145 157 169 181 188 184 172 160 148 136 124 
28 37 49 61 73 85 97 106 100 88 76 64 52 40 

swap
    43 55 4 10 16 22 19 13 7 1 46   
25 31 127 139 67 79 91 103 94 82 70 58 130 34 
109 115 167 155 151 163 175 187 178 166 154 142 164 118 
185 179 83 71 143 131 119 107 116 128 140 152 80 176 
101 95 0 9 59 47 35 23 32 44 192 68 191 92 
17 11 21 33 45 168 48 36 24 12 56 190 189 8 
57 63 75 87 99 111 123 180 126 114 102 90 78 66 
135 138 144 150 156 171 183 186 177 165 159 153 147 141 
60 69 81 93 105 117 129 174 132 120 108 96 84 72 
14 5 3 15 27 39 51 162 54 42 30 18 6 2 
98 89 77 65 53 41 29 20 26 38 50 62 74 86 
182 173 161 149 137 125 113 104 110 122 134 146 158 170 
112 121 133 145 157 169 181 188 184 172 160 148 136 124 
28 37 49 61 73 85 97 106 100 88 76 64 52 40 

swap
    43 55 4 10 16 22 19 13 7 1 46   
25 31 127 139 67 79 91 103 94 82 70 58 130 34 
109 115 167 155 151 163 175 187 178 166 154 142 164 118 
185 179 83 71 143 131 119 107 116 128 140 152 80 176 
101 95 0 9 59 47 35 23 32 44 68 192 191 92 
17 11 21 33 45 168 48 36 24 12 56 190 189 8 
57 63 75 87 99 111 123 180 126 114 102 90 78 66 
135 138 144 150 156 171 183 186 177 165 159 153 147 141 
60 69 81 93 105 117 129 174 132 120 108 96 84 72 
14 5 3 15 27 39 51 162 54 42 30 18 6 2 
98 89 77 65 53 41 29 20 26 38 50 62 74 86 
182 173 161 149 137 125 113 104 110 122 134 146 158 170 
112 121 133 145 157 169 181 188 184 172 160 148 136 124 
28 37 49 61 73 85 97 106 100 88 76 64 52 40 

swap
    43 55 4 10 16 22 19 13 7 1 46   
25 31 127 139 67 79 91 103 94 82 70 58 130 34 
109 115 167 155 151 163 175 187 178 166 154 142 164 118 
185 179 83 71 143 131 119 107 116 128 140 152 80 176 
101 95 0 9 59 47 35 23 32 44 68 192 189 92 
17 11 21 33 45 168 48 36 24 12 56 190 191 8 
57 63 75 87 99 111 123 180 126 114 102 90 78 66 
135 138 144 150 156 171 183 186 177 165 159 153 147 141 
60 69 81 93 105 117 129 174 132 120 108 96 84 72 
14 5 3 15 27 39 51 162 54 42 30 18 6 2 
98 89 77 65 53 41 29 20 26 38 50 62 74 86 
182 173 161 149 137 125 113 104 110 122 134 146 158 170 
112 121 133 145 157 169 181 188 184 172 160 148 136 124 
28 37 49 61 73 85 97 106 100 88 76 64 52 40 

swap
    43 55 4 10 16 22 19 13 7 1 46   
25 31 127 139 67 79 91 103 94 82 70 58 130 34 
109 115 167 155 151 163 175 187 178 166 154 142 164 118 
185 179 83 71 143 131 119 107 116 128 140 152 80 176 
101 95 0 9 59 47 35 23 32 44 68 190 189 92 
17 11 21 33 45 168 48 36 24 12 56 192 191 8 
57 63 75 87 99 111 123 180 126 114 102 90 78 66 
135 138 144 150 156 171 183 186 177 165 159 153 147 141 
60 69 81 93 105 117 129 174 132 120 108 96 84 72 
14 5 3 15 27 39 51 162 54 42 30 18 6 2 
98 89 77 65 53 41 29 20 26 38 50 62 74 86 
182 173 161 149 137 125 113 104 110 122 134 146 158 170 
112 121 133 145 157 169 181 188 184 172 160 148 136 124 
28 37 49 61 73 85 97 106 100 88 76 64 52 40 

swap
    43 55 4 10 16 22 19 13 7 1 46   
25 31 127 139 67 79 91 103 94 82 70 58 130 34 
109 115 167 155 151 163 175 187 178 166 154 142 164 118 
185 179 83 71 143 131 119 107 116 128 140 152 80 176 
101 95 0 9 59 47 35 23 32 44 68 190 189 92 
17 11 21 33 45 168 48 36 24 12 56 192 191 8 
57 63 75 87 99 111 123 180 126 114 102 90 78 66 
135 138 144 150 156 171 183 186 177 165 159 153 147 141 
60 69 81 93 105 117 129 174 132 120 108 96 84 72 
14 5 3 15 27 39 51 162 54 42 30 18 6 2 
98 89 77 65 53 41 29 20 26 38 50 62 74 86 
182 173 161 149 137 125 113 188 110 122 134 146 158 170 
112 121 133 145 157 169 181 104 184 172 160 148 136 124 
28 37 49 61 73 85 97 106 100 88 76 64 52 40 

swap
    43 55 4 10 16 22 19 13 7 1 46   
25 31 127 139 67 79 91 103 94 82 70 58 130 34 
109 115 167 155 151 163 175 187 178 166 154 142 164 118 
185 179 83 71 143 131 119 107 116 128 140 152 80 176 
101 95 0 9 59 47 35 23 32 44 68 190 189 92 
17 11 21 33 45 168 48 36 24 12 56 192 191 8 
57 63 75 87 99 111 123 180 126 114 102 90 78 66 
135 138 144 150 156 171 183 186 177 165 159 153 147 141 
60 69 81 93 105 117 129 174 132 120 108 96 84 72 
14 5 3 15 27 39 51 162 54 42 30 18 6 2 
98 89 77 65 53 41 29 188 26 38 50 62 74 86 
182 173 161 149 137 125 113 20 110 122 134 146 158 170 
112 121 133 145 157 169 181 104 184 172 160 148 136 124 
28 37 49 61 73 85 97 106 100 88 76 64 52 40 

swap
    43 55 4 10 16 22 19 13 7 1 46   
25 31 127 139 67 79 91 103 94 82 70 58 130 34 
109 115 167 155 151 163 175 187 178 166 154 142 164 118 
185 179 83 71 143 131 119 107 116 128 140 152 80 176 
101 95 0 9 59 47 35 23 32 44 68 190 189 92 
17 11 21 33 45 168 48 36 24 12 56 192 191 8 
57 63 75 87 99 111 123 180 126 114 102 90 78 66 
135 138 144 150 156 171 183 186 177 165 159 153 147 141 
60 69 81 93 105 117 129 174 132 120 108 96 84 72 
14 5 3 15 27 39 51 188 54 42 30 18 6 2 
98 89 77 65 53 41 29 162 26 38 50 62 74 86 
182 173 161 149 137 125 113 20 110 122 134 146 158 170 
112 121 133 145 157 169 181 104 184 172 160 148 136 124 
28 37 49 61 73 85 97 106 100 88 76 64 52 40 

swap
    43 55 4 10 16 22 19 13 7 1 46   
25 31 127 139 67 79 91 103 94 82 70 58 130 34 
109 115 167 155 151 163 175 187 178 166 154 142 164 118 
185 179 83 71 143 131 119 107 116 128 140 152 80 176 
101 95 0 9 59 47 35 23 32 44 68 190 189 92 
17 11 21 33 45 168 48 36 24 12 56 192 191 8 
57 63 75 87 99 111 123 180 126 114 102 90 78 66 
135 138 144 150 156 171 183 186 177 165 159 153 147 141 
60 69 81 93 105 117 129 188 132 120 108 96 84 72 
14 5 3 15 27 39 51 174 54 42 30 18 6 2 
98 89 77 65 53 41 29 162 26 38 50 62 74 86 
182 173 161 149 137 125 113 20 110 122 134 146 158 170 
112 121 133 145 157 169 181 104 184 172 160 148 136 124 
28 37 49 61 73 85 97 106 100 88 76 64 52 40 

swap
    43 55 4 10 16 22 19 13 7 1 46   
25 31 127 139 67 79 91 103 94 82 70 58 130 34 
109 115 167 155 151 163 175 107 178 166 154 142 164 118 
185 179 83 71 143 131 119 187 116 128 140 152 80 176 
101 95 0 9 59 47 35 23 32 44 68 190 189 92 
17 11 21 33 45 168 48 36 24 12 56 192 191 8 
57 63 75 87 99 111 123 180 126 114 102 90 78 66 
135 138 144 150 156 171 183 186 177 165 159 153 147 141 
60 69 81 93 105 117 129 188 132 120 108 96 84 72 
14 5 3 15 27 39 51 174 54 42 30 18 6 2 
98 89 77 65 53 41 29 162 26 38 50 62 74 86 
182 173 161 149 137 125 113 20 110 122 134 146 158 170 
112 121 133 145 157 169 181 104 184 172 160 148 136 124 
28 37 49 61 73 85 97 106 100 88 76 64 52 40 

swap
    43 55 4 10 16 22 19 13 7 1 46   
25 31 127 139 67 79 91 103 94 82 70 58 130 34 
109 115 167 155 151 163 175 107 178 166 154 142 164 118 
185 179 83 71 143 131 119 23 116 128 140 152 80 176 
101 95 0 9 59 47 35 187 32 44 68 190 189 92 
17 11 21 33 45 168 48 36 24 12 56 192 191 8 
57 63 75 87 99 111 123 180 126 114 102 90 78 66 
135 138 144 150 156 171 183 186 177 165 159 153 147 141 
60 69 81 93 105 117 129 188 132 120 108 96 84 72 
14 5 3 15 27 39 51 174 54 42 30 18 6 2 
98 89 77 65 53 41 29 162 26 38 50 62 74 86 
182 173 161 149 137 125 113 20 110 122 134 146 158 170 
112 121 133 145 157 169 181 104 184 172 160 148 136 124 
28 37 49 61 73 85 97 106 100 88 76 64 52 40 

swap
    43 55 4 10 16 22 19 13 7 1 46   
25 31 127 139 67 79 91 103 94 82 70 58 130 34 
109 115 167 155 151 163 175 107 178 166 154 142 164 118 
185 179 83 71 143 131 119 23 116 128 140 152 80 176 
101 95 0 9 59 47 35 36 32 44 68 190 189 92 
17 11 21 33 45 168 48 187 24 12 56 192 191 8 
57 63 75 87 99 111 123 180 126 114 102 90 78 66 
135 138 144 150 156 171 183 186 177 165 159 153 147 141 
60 69 81 93 105 117 129 188 132 120 108 96 84 72 
14 5 3 15 27 39 51 174 54 42 30 18 6 2 
98 89 77 65 53 41 29 162 26 38 50 62 74 86 
182 173 161 149 137 125 113 20 110 122 134 146 158 170 
112 121 133 145 157 169 181 104 184 172 160 148 136 124 
28 37 49 61 73 85 97 106 100 88 76 64 52 40 

swap
    43 55 4 10 16 22 19 13 7 1 46   
25 31 127 139 67 79 91 103 94 82 70 58 130 34 
109 115 167 155 151 163 175 107 178 166 154 142 164 118 
185 179 83 71 143 131 119 23 116 128 140 152 80 176 
101 95 0 9 59 47 35 36 32 44 68 190 189 92 
17 11 21 33 45 168 48 180 24 12 56 192 191 8 
57 63 75 87 99 111 123 187 126 114 102 90 78 66 
135 138 144 150 156 171 183 186 177 165 159 153 147 141 
60 69 81 93 105 117 129 188 132 120 108 96 84 72 
14 5 3 15 27 39 51 174 54 42 30 18 6 2 
98 89 77 65 53 41 29 162 26 38 50 62 74 86 
182 173 161 149 137 125 113 20 110 122 134 146 158 170 
112 121 133 145 157 169 181 104 184 172 160 148 136 124 
28 37 49 61 73 85 97 106 100 88 76 64 52 40 

swap
    43 55 4 10 16 22 19 13 7 1 46   
25 31 127 139 67 79 91 103 94 82 70 58 130 34 
109 115 167 155 151 163 175 107 178 166 154 142 164 118 
185 179 83 71 143 131 119 23 116 128 140 152 80 176 
101 95 0 9 59 47 35 36 32 44 68 190 191 92 
17 11 21 33 45 168 48 180 24 12 56 192 189 8 
57 63 75 87 99 111 123 187 126 114 102 90 78 66 
135 138 144 150 156 171 183 186 177 165 159 153 147 141 
60 69 81 93 105 117 129 188 132 120 108 96 84 72 
14 5 3 15 27 39 51 174 54 42 30 18 6 2 
98 89 77 65 53 41 29 162 26 38 50 62 74 86 
182 173 161 149 137 125 113 20 110 122 134 146 158 170 
112 121 133 145 157 169 181 104 184 172 160 148 136 124 
28 37 49 61 73 85 97 106 100 88 76 64 52 40 

swap
    43 55 4 10 16 22 19 13 7 1 46   
25 31 127 139 67 79 91 103 94 82 70 58 130 34 
109 115 167 155 151 163 175 107 178 166 154 142 164 118 
185 179 83 71 143 131 119 23 116 128 140 152 80 176 
101 95 0 9 59 47 35 36 32 44 68 190 191 92 
17 11 21 33 45 168 48 180 24 12 56 192 78 8 
57 63 75 87 99 111 123 187 126 114 102 90 189 66 
135 138 144 150 156 171 183 186 177 165 159 153 147 141 
60 69 81 93 105 117 129 188 132 120 108 96 84 72 
14 5 3 15 27 39 51 174 54 42 30 18 6 2 
98 89 77 65 53 41 29 162 26 38 50 62 74 86 
182 173 161 149 137 125 113 20 110 122 134 146 158 170 
112 121 133 145 157 169 181 104 184 172 160 148 136 124 
28 37 49 61 73 85 97 106 100 88 76 64 52 40 

swap
    43 55 4 10 16 22 19 13 7 1 46   
25 31 127 139 67 79 91 103 94 82 70 58 130 34 
109 115 167 155 151 163 175 107 178 166 154 142 164 118 
185 179 83 71 143 131 119 23 116 128 140 152 80 176 
101 95 0 9 59 47 35 36 32 44 68 190 191 92 
17 11 21 33 45 168 48 180 24 12 56 192 78 8 
57 63 75 87 99 111 123 187 126 114 102 90 147 66 
135 138 144 150 156 171 183 186 177 165 159 153 189 141 
60 69 81 93 105 117 129 188 132 120 108 96 84 72 
14 5 3 15 27 39 51 174 54 42 30 18 6 2 
98 89 77 65 53 41 29 162 26 38 50 62 74 86 
182 173 161 149 137 125 113 20 110 122 134 146 158 170 
112 121 133 145 157 169 181 104 184 172 160 148 136 124 
28 37 49 61 73 85 97 106 100 88 76 64 52 40 

swap
    43 55 4 10 16 22 19 13 7 1 46   
25 31 127 139 67 79 91 103 94 82 70 58 130 34 
109 115 167 155 151 163 175 107 178 166 154 142 164 118 
185 179 83 71 143 131 119 23 116 128 140 152 80 176 
101 95 0 9 59 47 35 36 32 44 68 190 191 92 
17 11 21 33 45 168 48 180 24 12 56 192 78 8 
57 63 75 87 99 111 123 187 126 114 102 90 147 66 
135 138 144 150 156 171 183 186 177 165 159 189 153 141 
60 69 81 93 105 117 129 188 132 120 108 96 84 72 
14 5 3 15 27 39 51 174 54 42 30 18 6 2 
98 89 77 65 53 41 29 162 26 38 50 62 74 86 
182 173 161 149 137 125 113 20 110 122 134 146 158 170 
112 121 133 145 157 169 181 104 184 172 160 148 136 124 
28 37 49 61 73 85 97 106 100 88 76 64 52 40 

swap
    43 55 4 10 16 22 19 13 7 1 46   
25 31 127 139 67 79 91 103 94 82 70 58 130 34 
109 115 167 155 151 163 175 107 178 166 154 142 164 118 
185 179 83 71 143 131 119 23 116 128 140 152 80 176 
101 95 0 9 59 47 35 36 32 44 68 190 191 92 
17 11 21 33 45 168 48 180 24 12 56 192 78 8 
57 63 75 87 99 111 123 187 126 114 102 90 147 66 
135 138 144 150 156 171 183 186 177 165 189 159 153 141 
60 69 81 93 105 117 129 188 132 120 108 96 84 72 
14 5 3 15 27 39 51 174 54 42 30 18 6 2 
98 89 77 65 53 41 29 162 26 38 50 62 74 86 
182 173 161 149 137 125 113 20 110 122 134 146 158 170 
112 121 133 145 157 169 181 104 184 172 160 148 136 124 
28 37 49 61 73 85 97 106 100 88 76 64 52 40 

swap
    43 55 4 10 16 22 19 13 7 1 46   
25 31 127 139 67 79 91 103 94 82 70 58 130 34 
109 115 167 155 151 163 175 107 178 166 154 142 164 118 
185 179 83 71 143 131 119 23 116 128 140 152 80 176 
101 95 0 9 59 47 35 36 32 44 68 190 191 92 
17 11 21 33 45 168 48 180 24 12 56 192 78 8 
57 63 75 87 99 111 123 187 126 114 102 90 147 66 
135 138 144 150 156 171 183 186 177 189 165 159 153 141 
60 69 81 93 105 117 129 188 132 120 108 96 84 72 
14 5 3 15 27 39 51 174 54 42 30 18 6 2 
98 89 77 65 53 41 29 162 26 38 50 62 74 86 
182 173 161 149 137 125 113 20 110 122 134 146 158 170 
112 121 133 145 157 169 181 104 184 172 160 148 136 124 
28 37 49 61 73 85 97 106 100 88 76 64 52 40 

swap
    43 55 4 10 16 22 19 13 7 1 46   
25 31 127 139 67 79 91 103 94 82 70 58 130 34 
109 115 167 155 151 163 175 107 178 166 154 142 164 118 
185 179 83 71 143 131 119 23 116 128 140 152 80 176 
101 95 0 9 59 47 35 36 32 44 68 190 191 92 
17 11 21 33 45 168 48 180 24 12 56 192 78 8 
57 63 75 87 99 111 123 187 126 114 102 90 147 66 
135 138 144 150 156 171 183 186 189 177 165 159 153 141 
60 69 81 93 105 117 129 188 132 120 108 96 84 72 
14 5 3 15 27 39 51 174 54 42 30 18 6 2 
98 89 77 65 53 41 29 162 26 38 50 62 74 86 
182 173 161 149 137 125 113 20 110 122 134 146 158 170 
112 121 133 145 157 169 181 104 184 172 160 148 136 124 
28 37 49 61 73 85 97 106 100 88 76 64 52 40 

swap
    43 55 4 10 16 22 19 13 7 1 46   
25 31 127 139 67 79 91 103 94 82 70 58 130 34 
109 115 167 155 151 163 175 107 178 166 154 142 164 118 
185 179 83 71 143 131 119 23 116 128 140 152 80 176 
101 95 0 9 59 47 35 36 32 44 68 190 191 92 
17 11 21 33 45 168 48 180 24 12 56 192 78 8 
57 63 75 87 99 111 123 187 126 114 102 90 147 66 
135 138 144 150 156 171 183 188 189 177 165 159 153 141 
60 69 81 93 105 117 129 186 132 120 108 96 84 72 
14 5 3 15 27 39 51 174 54 42 30 18 6 2 
98 89 77 65 53 41 29 162 26 38 50 62 74 86 
182 173 161 149 137 125 113 20 110 122 134 146 158 170 
112 121 133 145 157 169 181 104 184 172 160 148 136 124 
28 37 49 61 73 85 97 106 100 88 76 64 52 40 

swap
    43 55 4 10 16 22 19 13 7 1 46   
25 31 127 139 67 79 91 103 94 82 70 58 130 34 
109 115 167 155 151 163 175 107 178 166 154 142 164 118 
185 179 83 71 143 131 119 23 116 128 140 152 80 176 
101 95 0 9 59 47 35 36 32 44 68 190 191 92 
17 11 21 33 45 168 48 180 24 12 56 192 78 8 
57 63 75 87 99 111 123 188 126 114 102 90 147 66 
135 138 144 150 156 171 183 187 189 177 165 159 153 141 
60 69 81 93 105 117 129 186 132 120 108 96 84 72 
14 5 3 15 27 39 51 174 54 42 30 18 6 2 
98 89 77 65 53 41 29 162 26 38 50 62 74 86 
182 173 161 149 137 125 113 20 110 122 134 146 158 170 
112 121 133 145 157 169 181 104 184 172 160 148 136 124 
28 37 49 61 73 85 97 106 100 88 76 64 52 40 

swap
    43 55 4 10 16 22 19 13 7 1 46   
25 31 127 139 67 79 91 103 94 82 70 58 130 34 
109 115 167 155 151 163 175 107 178 166 154 142 164 118 
185 179 83 71 143 131 119 23 116 128 140 152 80 176 
101 95 0 9 59 47 35 36 32 44 68 190 191 92 
17 11 21 33 45 168 48 180 24 12 56 192 78 8 
57 63 75 87 99 111 123 188 126 114 102 90 147 66 
135 138 144 150 156 171 183 187 132 177 165 159 153 141 
60 69 81 93 105 117 129 186 189 120 108 96 84 72 
14 5 3 15 27 39 51 174 54 42 30 18 6 2 
98 89 77 65 53 41 29 162 26 38 50 62 74 86 
182 173 161 149 137 125 113 20 110 122 134 146 158 170 
112 121 133 145 157 169 181 104 184 172 160 148 136 124 
28 37 49 61 73 85 97 106 100 88 76 64 52 40 

swap
    43 55 4 10 16 22 19 13 7 1 46   
25 31 127 139 67 79 91 103 94 82 70 58 130 34 
109 115 167 155 151 163 175 107 178 166 154 142 164 118 
101 179 83 71 143 131 119 23 116 128 140 152 80 176 
185 95 0 9 59 47 35 36 32 44 68 190 191 92 
17 11 21 33 45 168 48 180 24 12 56 192 78 8 
57 63 75 87 99 111 123 188 126 114 102 90 147 66 
135 138 144 150 156 171 183 187 132 177 165 159 153 141 
60 69 81 93 105 117 129 186 189 120 108 96 84 72 
14 5 3 15 27 39 51 174 54 42 30 18 6 2 
98 89 77 65 53 41 29 162 26 38 50 62 74 86 
182 173 161 149 137 125 113 20 110 122 134 146 158 170 
112 121 133 145 157 169 181 104 184 172 160 148 136 124 
28 37 49 61 73 85 97 106 100 88 76 64 52 40 

swap
    43 55 4 10 16 22 19 13 7 1 46   
25 31 127 139 67 79 91 103 94 82 70 58 130 34 
109 115 167 155 151 163 175 107 178 166 154 142 164 118 
101 179 83 71 143 131 119 23 116 128 140 152 80 176 
17 95 0 9 59 47 35 36 32 44 68 190 191 92 
185 11 21 33 45 168 48 180 24 12 56 192 78 8 
57 63 75 87 99 111 123 188 126 114 102 90 147 66 
135 138 144 150 156 171 183 187 132 177 165 159 153 141 
60 69 81 93 105 117 129 186 189 120 108 96 84 72 
14 5 3 15 27 39 51 174 54 42 30 18 6 2 
98 89 77 65 53 41 29 162 26 38 50 62 74 86 
182 173 161 149 137 125 113 20 110 122 134 146 158 170 
112 121 133 145 157 169 181 104 184 172 160 148 136 124 
28 37 49 61 73 85 97 106 100 88 76 64 52 40 

swap
    43 55 4 10 16 22 19 13 7 1 46   
25 31 127 139 67 79 91 103 94 82 70 58 130 34 
109 115 167 155 151 163 175 107 178 166 154 142 164 118 
101 179 83 71 143 131 119 23 116 128 140 152 80 176 
17 95 0 9 59 47 35 36 32 44 68 190 191 92 
57 11 21 33 45 168 48 180 24 12 56 192 78 8 
185 63 75 87 99 111 123 188 126 114 102 90 147 66 
135 138 144 150 156 171 183 187 132 177 165 159 153 141 
60 69 81 93 105 117 129 186 189 120 108 96 84 72 
14 5 3 15 27 39 51 174 54 42 30 18 6 2 
98 89 77 65 53 41 29 162 26 38 50 62 74 86 
182 173 161 149 137 125 113 20 110 122 134 146 158 170 
112 121 133 145 157 169 181 104 184 172 160 148 136 124 
28 37 49 61 73 85 97 106 100 88 76 64 52 40 

swap
    43 55 4 10 16 22 19 13 7 1 46   
25 31 127 139 67 79 91 103 94 82 70 58 130 34 
109 115 167 155 151 163 175 107 178 166 154 142 164 118 
101 179 83 71 143 131 119 23 116 128 140 152 80 176 
17 95 0 9 59 47 35 36 32 44 68 190 191 92 
57 11 21 33 45 168 48 180 24 12 56 192 78 8 
135 63 75 87 99 111 123 188 126 114 102 90 147 66 
185 138 144 150 156 171 183 187 132 177 165 159 153 141 
60 69 81 93 105 117 129 186 189 120 108 96 84 72 
14 5 3 15 27 39 51 174 54 42 30 18 6 2 
98 89 77 65 53 41 29 162 26 38 50 62 74 86 
182 173 161 149 137 125 113 20 110 122 134 146 158 170 
112 121 133 145 157 169 181 104 184 172 160 148 136 124 
28 37 49 61 73 85 97 106 100 88 76 64 52 40 

swap
    43 55 4 10 16 22 19 13 7 1 46   
25 31 127 139 67 79 91 103 94 82 70 58 130 34 
